1318352160153808896
1315867834082381824
1318351822378078209
1318340348943491072
1318337701582700546
1318336417311850497
1318336188114194437
1318332359561924608
1318331572135788549
1318321616372310020
1318321611116847105
1318319812456681472
1318317979436724224
1318315963423535105
1318315378112606208
1318314731627794435
1318314474386956295
1318314471698403329
1318313115709296651
1318312822162526209
1318312045989736448
1318311819631448065
1318307568536702978
1318303401109643264
1318302639621394432
1318302051206631427
1318299127298560000
1318298457845760006
1318297876057911296
1318292761783709700
1318290506984685568
1318284783659544576
1318279340690345984
1318277577455202304
1318264349862088705
1318257889136545793
1318256851889377281
1318253777980395521
1318240330962132992
1318223810231902209
1318222135542808581
1318205925207977985
1317954296432988160
1317875463428112384
1317874593462423559
1317583111505416192
1317495283312398337
1317481552603869185
1317453962354720775
1317265118099550208
1316978626424954880
1316544604322369543
1316347822166495234
1316249678883819520
1316196600046260225
1316193170280022019
1316009400449064960
1315996415521443840
1315815272708739072
1315501764217466880
1315457536011706369
1315438714860916736
1315334035741310977
1315101970365964294
1314769057036619776
1314546308946907137
1314430209567981568
1314028819246915585
1313661056036741121
1313377082081116162
1313126133064445952
1312980455382151168
1312749025574100992
1312451078298902528
1312450939836538880
1312326626148003840
1312305077550538753
1312290372064669699
1312252739787792384
1312250267677712384
1312247843269169152
1312244698170392576
1312242310856544256
1312236652216094720
1312233760767827969
1312231809590067202
1312224742536028161
1312224724307513345
1312224251898855430
1312222659229429760
1312220576728186880
1312192828596862977
1312074909934387200
1312061628305686531
1311863683878916101
1311856879983788032
1311786133286793216
1311786056950444033
1311773249781596161
1311747505483395080
1311743331039244288
1311703857131663360
1315867300176842752
1311629840672489473
1311565858687180800
1311518408479969280
1311508985262948352
1311475826060398592
1311468238820249602
1311459359831056385
1311458788998815749
1311458700117323777
1311359210718769152
1311326884857225216
1311142220423192576
1311084388587896832
1311054639811395586
1311054361133559808
1311052172658868230
1311046929988620290
1311035782828830722
1311002490154803200
1310965905820614656
1310964265302528001
1310783190513188864
1310693325679329285
1310662516297531392
1310657434680254465
1310652221839867904
1310648115775578115
1310647298993553409
1310647103987875842
1310646801087844352
1310632890120769539
1310556485676675072
1310555276160856064
1310544413744074753
1310524582504271872
1310447144378101761
1310427213540581377
1310401339273424896
1310392838870446082
1310356450275987456
1310352730704277506
1310329210163134465
1310317732726939648
1310309457239437313
1310303366682210306
1310298357470879744
1310297106494574592
1310296972524281863
1310293600744304640
1310286861462417408
1310275103410630656
1310273191470919682
1310273152967225344
1310245356815503360
1310243165539045381
1310232941491032066
1310231423522136064
1310227492758794241
1310225552515760129
1310222628574167043
1310219184014409736
1310218802240651264
1310217840444743682
1310216349323534336
1310215556956655616
1310200410670616576
1310183780880130050
1310133723594137607
1310118045541695488
1310111729666469888
1310099557838184457
1310099325796716547
1310097422748659713
1310085280020525056
1310084454476476421
1310081846173196288
1310060484612112384
1310059474145734656
1310045872097505280
1310042660124717056
1310042496890740737
1310042065754087428
1310035372798341125
1310032699072098305
1310031940943097857
1310029942445539328
1310026250724016129
1310024048706031621
1310019195199987712
1310018919776755714
1310017812610547712
1310015863228043265
1310015657317027841
1310015424952557568
1310015222405640193
1310014300979953664
1310014049581760513
1309997751040499712
1309992062050328580
1309984665990770688
1316079500199895048
1309979637120815104
1309976749783027712
1309970710912094208
1309968107444731904
1309967764619243523
1309964912203096064
1309963437330530304
1309962226825154561
1309957111699382280
1309951024099016704
1309947928346349569
1309947561466310656
1309946231486066688
1309946201429757952
1309944051253248002
1309943228028932102
1309941000534712326
1309940538783793152
1309940458030862343
1309939274691665921
1309939022345703431
1309938794469240832
1309938730116018176
1309938447306682368
1309938141843914752
1309937523385393154
1309937434319179776
1309937322482446336
1309936264737632258
1309935987787804673
1309935729087315968
1309935298487496705
1309930076209897473
1309925555819732995
1309923392263512070
1309919830653296640
1309916401885380610
1309914649014329344
1309911673340399618
1309910527695630336
1309910299118645248
1309909955001167872
1309908381449302016
1309907467741126656
1309899561633185807
1309892203918118912
1309892059944292352
1309891248694624261
1309880410004951040
1309879903517421569
1309877663067242501
1309875864973144067
1309874417539993601
1309873991725744134
1309873223660703745
1309872309637754882
1309870646428684290
1309869385318912000
1309866199866576896
1309865026140942337
1309864746129260544
1309863627856453633
1309857166657040386
1309855314687262720
1309853791789953024
1309853239785844737
1309852068115435521
1309851086514249728
1309850497529110529
1309850468940754948
1309850059404607489
1309848777772003329
1309842880689827840
1309841435512852482
1309829550616928256
1309822039952429056
1309810019014250496
1309756449774620677
1309755220935634944
1309737505994883072
1309734804632399872
1309733923258118144
1309733063568498688
1309732041777459200
1309724360907747329
1309723093506625537
1309716934930255872
1309710246349340673
1309707613123350529
1309703200786624517
1309702337968054272
1309698325252370439
1309697024519008256
1309694291158081537
1309693742689943553
1309693465094230016
1309692863958126595
1309689785670340612
1309689327538987008
1309689225361719296
1315867532037947392
1309689192499359745
1309688871416782849
1309688527563751424
1309686812818903043
1309686587165413377
1309685822816280577
1309685750989025284
1309684512411070464
1309683802256613381
1309683273556205570
1309678628284768256
1309678064662708229
1309677667961237504
1309676409493663745
1309674636125241344
1309672996563349504
1309672664865419264
1309672495193169921
1309671682852913152
1309671478279966720
1309671012242468864
1309670242906304513
1309669602490802182
1309665556468060161
1309663692733247489
1309662082393165824
1309661375325589504
1309660673824051200
1309659388789977088
1309658825637662725
1309658497664118785
1309657951209246720
1309657542876946433
1309655657029627909
1309655218850725890
1309655144653414400
1309655034825641984
1309654620805894144
1309654151551426560
1309652521783300098
1309649614375706625
1309647210083221504
1309645977909895169
1309645839158177797
1309643147090116609
1309641868171505664
1309633687806447616
1309633496252588032
1309632719433990144
1309631969823797248
1309631371636342784
1309630746676600832
1309629694170599424
1309629307103445003
1309629137984851969
1309626746669469696
1309623034844794880
1309622521239605248
1309622155794055168
1309620794729869312
1309620286015156224
1309619633029341186
1309618316072247297
1309615241848733698
1309612434689347586
1309611586676428801
1309610795722878976
1309607791263272961
1309606368601612289
1309604042167988229
1309601535266115585
1309599983298113538
1309599821033017352
1309599431256281088
1309598964749135872
1309597279108685825
1309595326232354816
1309594945351630848
1309594289979052032
1309594259041984512
1309593917843582976
1309593309908578304
1309592873483014145
1309592487619592193
1309592001361391616
1309591881018421253
1309591454214434817
1309590246124744704
1309589917421502466
1309588147135811590
1309587347059732483
1309586687308132352
1309585143762317312
1309585002867208192
1309580420913266688
1309579993270288385
1309579935829372929
1309579687568519176
1309579646661349376
1309579401202262016
1315866931514179584
1309578790276927488
1309578174884323328
1309578167271686145
1309578006222966784
1309576173270245376
1309574020032081920
1309571724241969153
1309571581593751554
1309567970180575233
1309567523986300929
1309567351503966209
1309566889526464512
1309565754879217664
1309564458709123073
1309564406834098182
1309563807413407744
1309563796839493633
1309561765873831938
1309557856409018368
1309557681208713216
1309557549327409153
1309557501499711489
1309556727684235266
1309556557382811648
1309556020167933952
1309555825413947392
1309554323865636866
1309554253900505089
1309554003404091393
1309553829990600704
1309553692140474369
1309552058106654725
1309551796679970821
1309551551774507009
1309550804475371520
1309549754146119681
1309545676053905411
1309545270024245248
1309544278994059267
1309543467375362049
1309543136561999873
1309543112818253828
1309542116540985344
1309541894096068609
1309540304148508672
1309539111167025155
1309535974582611969
1309533696060526593
1309532157325357056
1309528727303254016
1309524311724576773
1309522741922467840
1309522402779500545
1309521585204756486
1309520854775033856
1309519906061324288
1309519383472091143
1309518835712696327
1309518028590198785
1309516450537693184
1309516275744411649
1309514995638697984
1309514440027435008
1309513477770424326
1309513224895766529
1309512587122442240
1309512066584195073
1309511748009914368
1309511311366258694
1309509609648947201
1309508757588766720
1309508205660209153
1309507958544297984
1309507458340061185
1309507173878239232
1309507064197033984
1309506881077932035
1309505631649292288
1309503924395745280
1309503672624144384
1309503538511441920
1309503521310543874
1309501677251301378
1309501559403720707
1309501056678723586
1309500823223767041
1309500266564075527
1309498561294266369
1309498459624484865
1309498421036888065
1309496663287898112
1309496263713468416
1309495699046887424
1309495678490509312
1309494915949305858
1309494809946517509
1309494741810049026
1309494099985211395
1309494080200613889
1309493303386152962
1316079542776332297
1309493114244075520
1309492903518105600
1309492196324802560
1309492036379250688
1309490813676777474
1309490624400363520
1309490507664338945
1309489466898145281
1309489361767997447
1309489262405001216
1309489006640467970
1309488178286428160
1309487141148385280
1309486957076996096
1309486874700910592
1309486001862008832
1309485833519591425
1309485651092541440
1309485247831183360
1309485234300227584
1309483646022287361
1309483570885468163
1309483391537029120
1309482534338732032
1309481840445550593
1309481138851852288
1309481098259427328
1309480876695334914
1309480484708257792
1309480200866947075
1309479960348971008
1309479098285043712
1309478436696719361
1309478147302338561
1309477677536083968
1309477651577356291
1309477632119959552
1309477398807633921
1309477370676621312
1309477080795697152
1309476326894526464
1309476247165112321
1309475938883776512
1309475536218054658
1309475269703536643
1309474218774614016
1309474138344615938
1309473716624130051
1309471251681947650
1309471199433502720
1309470427983552512
1309470330549874688
1309470244721905666
1309469926323879939
1309469252542500865
1309469220808339456
1309468714971078657
1309468556841582594
1309468187268984832
1309467866157047810
1309467799446786049
1309467624904982531
1309467533238468609
1309467424194994182
1309467419849748483
1309467210742628352
1309467157835714560
1309467126223208448
1309467079720857601
1309466714422284289
1309466533022830592
1309466296770277377
1309466257440280578
1309465750747394049
1309465459343986688
1309465442138959872
1309465352640835584
1309465131043127297
1309464632692813825
1309464261614133250
1309464155980787712
1309464061902495746
1309464004201381890
1309463501539348482
1309463379900346369
1309463366482694145
1309463188493262848
1309463154766811138
1309462666709213185
1309462655816605696
1309462451046559744
1309461908781760513
1309461814212808707
1309461610642190341
1309461016573612032
1309460516054560770
1309459842629799940
1309459807347314688
1309459628711964673
1309459529323683840
1315866183464255488
1309459487108014080
1309458664588300289
1309458363479134208
1309458310337302528
1309457458134429696
1309457214080335872
1309456766388891649
1309456443750387712
1309456276691320833
1309455607007772673
1309455436224098304
1309455078718275587
1309454891107090434
1309454844634202114
1309454697191870464
1309454574575669248
1309454449623134208
1309454265220505601
1309453091616428032
1309453037132492800
1309452871923097600
1309452830709813252
1309452242416738304
1309452218664251392
1309452095087456257
1309451848567451653
1309451492106133506
1309450854601125888
1309450582982361096
1309450321807249412
1309449896269938689
1309449590811357184
1309449512419831809
1309448630387068929
1309448594865430528
1309448590968852480
1309448184381476864
1309447925890723841
1309447902360670209
1309447495626493953
1309447389191770117
1309447069959106566
1309446741289316353
1309446471310245889
1309446425781194752
1309446293761134594
1309446251621036033
1309446086717775872
1309445945050959875
1309445927028117504
1309445771050262528
1309445604959944704
1309445542376738817
1309444983313903617
1309443784766226434
1309443763543117826
1309443461519732736
1309442664509485056
1309442564962082822
1309442395218612224
1309442379716472833
1309442371873103872
1309441496978989057
1309441220989448192
1309440977648533505
1309440974620438528
1309440942924070912
1309440937924464640
1309440916172804096
1309440905972129792
1309440397261910017
1309440011486470145
1309439523953291269
1309439487869583361
1309439424577630209
1309439272748015619
1309439080648904704
1309436910129930241
1309436371854069760
1309436316984246272
1309436201003352064
1309435843673821184
1309435298028421120
1309435233939460097
1309435194311618561
1309434428897275904
1309434053028917250
1309433822761684993
1309433541466320896
1309433076439687169
1309432423365709826
1309431772170588160
1309430315677552640
1309430222735978498
1309428311144177671
1309428260971970562
1309428152297492481
1309427434027208704
1309426205498671104
1309424313171349505
1315867834082381824
1309424145634074625
1309423405679153152
1309422642559160320
1309422495393480706
1309422378804416513
1309420551807606785
1309420478193233922
1309419282774753280
1309418073535975427
1309417833324056584
1309417518340202496
1309416876250857472
1309416826841907200
1309415464750264321
1309414706227163136
1309413608380674048
1309412798628151297
1309411980755730434
1309411792989364224
1309411149796929537
1309411082340052993
1309410457304756225
1309409216306843648
1309409020860657665
1309408719583752192
1309407473913090048
1309407092076355584
1309407034090180608
1309406114979733504
1309405987300835328
1309405722522853376
1309405215582564352
1309404962582081537
1309404910677626882
1309404059942686720
1309404016376512513
1309403810301980672
1309403543212785665
1309403455547727874
1309402810878844928
1309402227019190272
1309402164234792960
1309402093736931329
1309399841563381762
1309399549564387333
1309399389400477700
1309398706811219970
1309397423974883330
1309397333449211904
1309396749912600576
1309396262026907648
1309396025296252928
1309395562018402304
1309393906124034048
1309393849853251584
1309393514049024001
1309393421329739776
1309393029111799809
1309392503985049602
1309391099018899461
1309390151131435009
1309389421012156417
1309389360119177216
1309388896288071681
1309388590531702784
1309388505219387392
1309388176713289729
1309386846439444486
1309386609389838337
1309386200776663040
1309386100646051840
1309385737851133952
1309385105224286209
1309384992087183360
1309384943454294016
1309384344381915136
1309384207467261952
1309383057774764032
1309383015492018182
1309382706216742912
1309382106410352640
1309381092542001152
1309380535165358080
1309379582974402560
1309379566666952705
1309379346453291008
1309378825474764802
1309378533127577600
1309378406522511361
1309378268374548480
1309378151219253248
1309377769118212096
1309377717385781248
1309377704693624832
1309376913694052354
1309376879913304064
1309376742549839872
1309376682994827265
1309376419336605696
1309375951281639424
1317154878289022977
1309375522539929600
1309375387584155649
1309375118104121344
1309375073501900800
1309374930371264512
1309374760799805440
1309374024758300672
1309373992692625409
1309373884689383427
1309373580615077890
1309373508712099840
1309373340344180737
1309373295196868608
1309372945677066243
1309372346839433216
1309372289914302464
1309372277436198912
1309371686870016000
1309371575993380870
1309371343612162048
1309371311408308225
1309371201039589377
1309371004473335808
1309370875087663106
1309370530223587328
1309370382013534209
1309370116111392769
1309370097849360390
1309369889459707904
1309369602535821314
1309369400290615297
1309369359127650306
1309369319923433472
1309369084593737728
1309368971750187009
1309368944676003840
1309368873926311936
1309368870747209728
1309368825733881856
1309368771396603905
1309368620120551426
1309368455057924096
1309368303140257793
1309368090187067392
1309368040753041408
1309367974227140608
1309367820459872256
1309367736305438720
1309367697029967872
1309367360919273474
1309367207453884416
1309367178995490817
1309366988075040771
1309366924174856192
1309366875793444867
1309366836811628545
1309366836472033285
1309366559849107457
1309366507177226240
1309366430987673601
1309366313257594880
1309366211981893632
1309366125638160385
1309365820154212354
1309365737660710913
1309365732031881218
1309365693402537985
1309365548459859969
1309365540259950592
1309365433250639872
1309365342762749952
1309365199023910912
1309365177679327232
1309365095021998080
1309365042630938625
1309364993767268353
1309364885868871687
1309364827354279936
1309364688044658692
1309364276264460290
1309364212544700416
1309364083213230081
1309363992456867840
1309363967735652352
1309363962694246400
1309363906398359552
1309363832679264256
1309363692857962496
1309363657336336387
1309363289453998080
1309363281300078595
1309363242708344832
1309362979083825154
1309362978500669440
1309362895751442432
1309362876864294913
1309362865875410946
1309362854638702592
1309362724204285952
1309362690092077056
1315867300176842752
1309362590292664320
1309362360499318785
1309362288122421248
1309362262298300417
1309362238780661761
1309362192634884096
1309362120446803968
1309361900342435840
1309361887545499650
1309361871800147968
1309361822479212545
1309361685963182080
1309361531243474945
1309361395138428928
1309361371071623168
1309361341463851009
1309361311256653824
1309361215571931138
1309360980598505472
1309360859953557504
1309360849237155840
1309360841192472577
1309360692743401473
1309360672631742466
1309360576573964289
1309360505673232385
1309360364971126784
1309359886212321280
1309359862556418048
1309359857041113089
1309359855069609984
1309359693807091713
1309359576890798080
1309359575758336000
1309359538722594817
1309359525238050821
1309359385404149761
1309359374717067265
1309359339220553728
1309359271960666112
1309359199504101376
1309359159763230720
1309359126183460865
1309359000673083392
1309358862198243328
1309358855382618112
1309358790974808066
1309358703271763969
1309358694656745472
1309358689610903553
1309358637681315840
1309358484299841536
1309358365299159045
1309358341299240960
1309358309678264320
1309358212106334211
1309358182758785024
1309358180124839937
1309358167487393793
1309358130107539458
1309358019566764033
1309357997123137538
1309357991410372608
1309357945294123010
1309357919008301056
1309357802993807363
1309357797818081281
1309357778658418690
1309357620147490816
1309357619337805825
1309357544641458177
1309357496042246146
1309357444984758274
1309357386461659136
1309357359580565510
1309357325707165698
1309357243389804544
1309357234652999680
1309357200133951488
1309357121855787008
1309356147472646144
1309346867323510784
1309344536041144324
1309341414338174977
1309338468607238145
1309338078230740993
1309336153175195650
1309334859744190465
1309334103150346240
1309333953820667905
1309332894863765506
1309328706117099521
1309325819706331137
1309320719155617792
1309318361126449152
1309316272262230023
1309314248703528961
1309313780757622784
1309312628074962950
1309312266874097664
1314225119217287169
1309311165722497029
1309310991444971520
1309309460402311169
1309308040810647553
1309307961265860608
1309306842472943618
1309306671337017345
1309305963908935682
1309305433392320514
1309305410835410946
1309305147374399488
1309304945150169088
1309303799920631808
1309303241704910849
1309302489846484992
1309300625549656064
1309299680321429505
1309298518012710913
1309297920609484803
1309297856570945543
1309297794105171969
1309297305623822337
1309296887510384640
1309294899968110592
1309294498976018433
1309293612262477824
1309293021339545605
1309292466164514819
1309289621260435457
1309289607310307328
1309288557434015744
1309287978112552960
1309287596963622912
1309287232008716288
1309286671758753793
1309284455173906433
1309283089403777024
1309282144888348672
1309277383535493120
1309276720957214722
1309275807332945920
1309270620119728128
1309269430006886406
1309269364533673984
1309266855597613056
1309265897043800066
1309265616210202624
1309265593829212160
1309265549193601027
1309264983092494336
1309263541866643456
1309263134604038144
1309263132825653249
1309262882098434051
1309262268304064513
1309259656787886080
1309259305133182977
1309259252700254208
1309258953524523009
1309256989403299840
1309256424095125505
1309255480368402438
1309253234847027201
1309252190998065152
1309251599533891584
1309250407827349504
1309249977454075907
1309249786357325825
1309249673069199369
1309249247955611649
1309249036982128645
1309245989388259328
1309245806504038401
1309245441570111488
1309245291300880384
1309244504323489792
1309243917460738052
1309243134770061319
1309242138744549378
1309241922712723459
1309239052168724480
1309237726781284354
1309237390708477953
1309236223714693126
1309235778707501063
1309235085397426176
1309234569640640514
1309234435770941440
1309232891641999360
1309231512714448898
1309230393569292289
1309230348463730700
1309230253689114624
1309230099611480068
1309229987384393730
1309229741661192193
1309228482237399040
1309226413439037440
1309225541413883905
1309224966894825472
1315866183464255488
1309223877139222528
1309223383075258369
1309223200056803329
1309221999009566725
1309221523077685248
1309221395247828999
1309221221028954112
1309219906592944131
1309219799273218048
1309219621543849985
1309218966053810177
1309218782955450369
1309218422186795014
1309217339431415810
1309217334779949059
1309216608837988354
1309216450779832320
1309214838514622464
1309212929795993606
1309212599016357891
1309211970713903106
1309211118079012867
1309211057047695361
1309211032754294785
1309210973581053952
1309210940865478657
1309210306779009025
1309210298952429570
1309210067493957634
1309209928981192706
1309209743593009154
1309207762946215941
1309207724656267264
1309207408556810246
1309206959611146243
1309206723052400648
1309206657373700096
1309206654294962176
1309206495758880768
1309205931696234497
1309205684488028161
1309205517009444864
1309204815218724866
1309204571303149569
1309204561865965568
1309204217022869507
1309203380397658113
1309203296444350470
1309202879794810880
1309202647887548416
1309202545781415937
1309202334938025990
1309202163982381056
1309202062522101760
1309201936978079750
1309201581364195329
1309201514645381123
1309201226387599367
1309200960221216773
1309200953988579328
1309200877845053440
1309200709037023234
1309200580838141956
1309199259804336128
1309199059681382400
1309198525536890889
1309198448009207815
1309198387254878213
1309197767278030848
1309197723778899972
1309197546959581191
1309197082159230976
1309196749672648704
1309196718341324800
1309196673797636097
1309196577689362432
1309196237028167689
1309196065648922629
1309194997829267456
1309194833223757825
1309194827578437634
1309194820976435201
1309194048134164487
1309193531874050052
1309193154302816256
1309192790027497473
1309191732752384000
1309191265980944387
1309191112884736003
1309190967233310721
1309190910954086401
1309190561174138880
1309190161104740352
1309188969821696000
1309188471810977792
1309188312125575169
1309188076544036869
1309188072337215488
1309187942733152256
1309187720909127682
1314225119217287169
1309187284655316998
1309186560873631746
1309186090696192000
1309185494727536641
1309185035073978370
1309184809336475648
1309184182774411266
1309184127745380352
1309183305888268288
1309182526947307526
1309181956593053697
1309181586420580353
1309181560344784896
1309181454233096192
1309180150920212481
1309180046708482049
1309179486819155968
1309179041002422272
1309178353530941444
1309178328725753862
1309178194138988546
1309178090334179330
1309178006313865216
1309177945756512265
1309177587403550720
1309177482596278274
1309176740166668292
1309175690894467073
1309175044006871041
1309172717841715201
1309171290310348804
1309171123502940160
1309170832342757377
1309170156220960768
1309170035886297088
1309169868101607424
1309169240436551682
