1318364676309307392
1317154878289022977
1318364099328106496
1318362869629652993
1318359082533900289
1318352296225497093
1318350121239744512
1318344258613633024
1318344025028628482
1318335593563197440
1318331656172916736
1318329035777343488
1318328639625306112
1318328237093801992
1318321587695779843
1318314946023854081
1318308582107107330
1318304971654397959
1318304791253020673
1318304429829804033
1318302229711945738
1318302223273742337
1318298396088705024
1318296821001711616
1318296046729154560
1318290298792038407
1318288160338579456
1318285118910455810
1318280857300455425
1318280716409503744
1318280004963201024
1318278581135474690
1318275625824755715
1318269650375827456
1318267880069353477
1318267644844273664
1318267584115036160
1318267234934910976
1318263935817089038
1318262635742208000
1318261856469946373
1318261331754020864
1318261178867589122
1318260238257213440
1318259543034503169
1318258794682552320
1318256936240902145
1318255270422843392
1318254514525376512
1318254359650631680
1318251545172054018
1318248380636655617
1318246190387924993
1318243775458717696
1318235662911336449
1318235603872329729
1318235546607480832
1318235296597565442
1318228834123157507
1318227310676377600
1318227218573611009
1318222464128671747
1318218947909529601
1318216705819217925
1318212454216835072
1318210186297958403
1318209141278711809
1318067235924172801
1317981833255006208
1317782271294922752
1317438125493407745
1317428890499952642
1317125833841049601
1317121940230971399
1316908133818769408
1316851321463545859
1316847728274665472
1316818635881680897
1316778347683291136
1316626543070703616
1316563700132777986
1316555452184883200
1316547253205495809
1316538779684012034
1316487225626877952
1316483946335670274
1316471111534538753
1316470499552051201
1316468066071449600
1316466324193849346
1316416097839579142
1316377907783258113
1316359976345104384
1316242486730219522
1316119681359544323
1316055577219362817
1316042278171967489
1316011716849930240
1315476739498348549
1315476277198024704
1315425001840037889
1315414909279035392
1314225119217287169
1315013449831845888
1313785723645026305
1313605572411846658
1313540435994959878
1313398537011437569
1313288490931621890
1313287996418916352
1313287242803183616
1313233232989761536
1313159449826283522
1313137718965268482
1313137200150740997
1313127397018030080
1313119561932255238
1313117380575473665
1313110824433704960
1313099450559025152
1313088427991216128
1312989454445899776
1312909017300205568
1312905959816286210
1312885542791663620
1312876777946005504
1312872208759431168
1312871280211877891
1312862219844100102
1312847100351258624
1312846754077970433
1312843204257959936
1312839715364638720
1312829014109814787
1312823683535249408
1312814151228686336
1312810702827130882
1312791722817056769
1312790907666665474
1312786301968543744
1312783549351833600
1312717795507892227
1312434184854614018
1312214509436628993
1312189196803604482
1312010358694064133
1311724601286766598
1311496886868733953
1310959417127559169
1310373688009797634
1310269594230231041
1309893661711380486
1309821507984531457
1309821460869861378
1309806216605032448
1309709440300580865
1309177604683870210
1309137226639511559
1308914021802930177
1308908943662608391
1308884216508297216
1308884168865087488
1308860588290977793
1308859245337681924
1308852711039930370
1308848170751975425
1308817233402003463
1308803240323174405
1308795241051299840
1308792916261957635
1308101841738182659
1308063393903935489
1307701053492801541
1306748284992720897
1306733309305794576
1306633536665911297
1306601382988976128
1306402493237260288
1305427711922331648
1305268400005042179
1304211864826515456
1303826870341980179
1303059609393926145
1302671274616016896
1302320484068077571
1301662829242712065
1301125902596702208
1300792421303963651
1300792402991632384
1300536203905818624
1300466726077825034
1300237763292180480
1299083028413718532
1298749580390129664
1297093810317660160
1296638167920107523
1296628257861795844
1296560914079121408
1296529849444597767
1296515902633119744
1296515056075706368
1295920884549595136
1295518145394823168
1317154878289022977
1295408424562446338
1294772643229388801
1294628478059454465
1294082626937065473
1294055626742652929
1293676046622101504
1293642248094064640
1292772519250821121
1291787149583552517
1291060058072256519
1290674420839743489
1290351155290099712
1290277920926076930
1290243771074883584
1290057492571893760
1290013091120336896
1289748124194361344
1289737313287716864
1289669219479629825
1289664438157471744
1289660661430018048
1289594200346865666
1289575630816686080
1289565286035750912
1289517418176421890
1289403226479931392
1289342699036766208
1289337453921202176
1289336506444730368
1289326209382285314
1289304741839740929
1289279448454324224
1289273319762477056
1289247432942006273
1289224758307860481
1289218524984963074
1289209618367832064
1289207512781058048
1288991187035136003
1288852410476175360
1288683469804101638
1288549610902913024
1288358705730220034
1288298328690696192
1288283211626434562
1288280708214128640
1288134340854059010
1287954065402597378
1287198189481689090
1286944443527057413
1286803402299781121
1286738984073400320
1286679716246822917
1286503261478907906
1286449235391418369
1286446038996455424
1286437393877401602
1286096153046654976
1285786324742660098
1285769370443091970
1285716271594639363
1285620140965601281
1285595105743732738
1285337824414150657
1285131027313127425
1284892049410453504
1284887971603386368
1284869799265177601
1284814620696305664
1284813572460044289
1284809004951179264
1284632583041679361
1284607835481899008
1284476361248313345
1284471650977812481
1284444265549103104
1284312484552290304
1284119905109860355
1283983305835077632
1283977011761778688
1283912082346270721
1283907400752218114
1283883980782092288
1283844519260237824
1283842271956406274
1283802872854044672
1283801181651861505
1283704858894381057
1283655139325345793
1283648412152258560
1283618649539051522
1283569450537701378
1283567663122350080
1283532303432511488
1283531728938819585
1283458807994224646
1283422844085432321
1283410398243364864
1283406035148058624
1283297266036625408
1315867300176842752
1283151632218415104
1282862276870119434
1282843990056931331
1282828457932709888
1282791569930817536
1282791421406326784
1282774593875443714
1282760322680410112
1282759200821608452
1282755288727203840
1282734022859210754
1282718862413148160
1282711317732823041
1282710386005942272
1282703049073598464
1282700675294453760
1282691126516998144
1282687745555664899
1282683813320163329
1282514223709462528
1282477213422686209
1282447777486843905
1282417949572239365
1282368836633874435
1282296781418704896
1282132363636613125
1282070767958659072
1282043725540200448
1281694361789575169
1281621773226848263
1280993054997053441
1280911093637033984
1280841662063939585
1280563971284664320
1280331598538444800
1280240563648966658
1280086230055751680
1279933342369095685
1279898320656150530
1279779519964999681
1279746585610592262
1279634890556768257
1279075915989909507
1279074959319498754
1279071443742056457
1278876334027137026
1278873780329353217
1278782782433443840
1278707786386419713
1278461473560367104
1278369698426556418
1278352192144097285
1278291567980265472
1278142133585707008
1278135386875846656
1278104395981389824
1278030343216513028
1277999830032355334
1277986213656440836
1277958704302903297
1277958159945150464
1277325708386320384
1276543448552742916
1276193058501963776
1275854748533641222
1275850569861738496
1275800853723729921
1314225119217287169
1275691156672778240
1275690507855896578
1275618598782976002
1275559001929863168
1275503375430356992
1275474613309407233
1275468875228995584
1275383887909322757
1274948890014502912
1274388269963362304
1274367408745189376
1274345253064060928
1274303876661944322
1274292101094785024
1274210668976185344
1274176226962399232
1274143647211061249
1274136492399607808
1274098370907381760
1274058387227963392
1274053800739975171
1274039021027688451
1274038133487796224
1274023226406957059
1274019580223139841
1274009860712079360
1273851204448268291
1273003808369639426
1272871901904474112
1271754172787036162
1271565958482669577
1270789359034339329
1270712997078581248
1270422170632503296
1270421224754016256
1270420292792279040
1269474875556552704
1269270257530699776
1267517592274636802
1266931053945671682
1266555696721641473
1266531685094641666
1266445876542599169
1266422942772137984
1266233749479407622
1266155613165248512
1266121691937284096
1266108350976200706
1266042618464665600
1266005651450474499
1265899134088863744
1265845838523371520
1265817051077193728
1265699500888375296
1265666948391751680
1265605638283055107
1265574454421327873
1265527443898748929
1265495486250782724
1265462215467040776
1265366999963701250
1265316785005395969
1264509604593049602
1264479674547212289
1264479245880954881
1264311620399820800
1315867532037947392
1264236178104082435
1264189083850506240
1264185371274948614
1263989554454896641
1263989135506898950
1263590988741668872
1263223464527302656
1263217634537099269
1263175630604111878
1262842476076969989
1262842217938464771
1262837107053285383
1262792795028369409
1262557445584543746
1262551679066464256
1262515153607819265
1262433504752799745
1262422997589057542
1262421693378834434
1262405961387577344
1262382123303960579
1262366053541335040
1262184664757764097
1262031055227363328
1262021783747801089
1261958380920373248
1261950077901340673
1261949836305354754
1261886520652369920
1261879344076673024
1261743418235068417
1261738690864447494
1261737639767572481
1261737478677041152
1261720900556197888
1261695582059597831
1261691056841687046
1261690938361090048
1261690814704558081
1261689964246564865
1261685891267014656
1261681479039541248
1261681410299002881
1261678651675942912
1261676047663345664
1261675131652452353
1261668261449646080
1261667182901108736
1261666555806584833
1261666425032396800
1261666089999781889
1261665729809731584
1261665348526505989
1261665300346474498
1261582572070539264
1261582194704859137
1261531811873685504
1261492992180924417
1261492001536643072
1261491697122410498
1261489882922434566
1261486033994231808
1261485438436597766
1315867834082381824
1261483483681169409
1261482405472489475
1261481132480217088
1261480985578930178
1261479788960677888
1261475755021742080
1261475135942467585
1261474419081449472
1261457992483876865
1261448789207822336
1261426018688143361
1261425917076832258
1261425079780597760
1261424032244621312
1261405160020103169
1261402008768016385
1261400936804728837
1261400050363588608
1261399383590858752
1261354731663843333
1261350496369020928
1261349283548196865
1261348728184680449
1261348495060942851
1261347074794229767
1261344106841731072
1261343684328652801
1261333225982636037
1261332332629426176
1261331777026744320
1261325543548518400
1261324989569150978
1261324913543188480
1261324054482554884
1261323914166370306
1261323745827971075
1261313363851784193
1261313138600919043
1261308933005869056
1261308601546801153
1261308300789940230
1261306733030408193
1261306652504076288
1261306593863503872
1261295149663035395
1261295028242132998
1261294829641891841
1261293985315905536
1261293888947486720
1261293597841928192
1261292073107537920
1315867834082381824
1261289797802434562
1261289579384049664
1261284793578291201
1261280061803675648
1261279029925236737
1261278831287156736
1261277242363084800
1261276977383833602
1261271208441643011
1261271137276833793
1261269023519584257
1261073797542805510
1261071640580022275
1261052549744001029
1260950749946744832
1260950511433334787
1260947316858654724
1260821437582999553
1260763083103825920
1260754889594077184
1260751336674668547
1260749688074129411
1260711996481208320
1260689944441352192
1260680016888766466
1260670744108961798
1260601162983759882
1260599487598178305
1260589578949259264
1260580901173571589
1260565450116694018
1260529531015790592
1260515279618093056
1260431119788511232
1260428602442645506
1260427516008939521
1260425706418438144
1260410231332446208
1260405391520935936
1260373286581485568
1260351512456368134
1260334035072618497
1260316742947127296
1260305156866019328
1260287799338561536
1260277891469676544
1260277731310223360
1260273101415124993
1260262743388667904
1260254054761914368
1260248654864166915
1260246623126351872
1260244130396950528
1260242569537171456
1260240802166591489
1260233684675899392
1260233356358422528
1260232049715224583
1260229124632780801
1260223315349843968
1260222686476881920
1260215514862886918
1260191903624159232
1260103878651101185
1259721440250609664
1259491616781410305
1259467435255595010
1259387328512036865
1259306489736560640
1259296559860273156
1259295087718252546
1259245456711876608
1259205173408301057
1259128301152583680
1259109239127228417
1259099726282141696
1258967721191981057
1258921540730654721
1258835054635163652
1258834637176135682
1258813852600369153
1258788931685892097
1258788345741742085
1258776953986973698
1258674869492842496
1258448310991544323
1258402527722299398
1258392952675713027
1258391626461753345
1258385272389152768
1258335430564442113
1258330937588408320
1258329555397496833
1258266459500920832
1258222528331423744
1315866183464255488
1258186544222896129
1258181765211893762
1258162362802151425
1258137824156700677
1258134024066908160
1258113286131855363
1258096714340171776
1258076431755722752
1258072776965046274
1258024359446360065
1258005159810142208
1258004047409352705
1257925457917415424
1257852149545029633
1257832357551357953
1257829633233498114
1257759293908140034
1257731602358185984
1257728909023551489
1257694152470519811
1257649960335454208
1257634010416787459
1257558330530242561
1257479447982354432
1257477684696924164
1257440774645518340
1257316649562066947
1257186069029761024
1257092264054177794
1256980987378008071
1256622061319073792
1256423511134023681
1256349474726838274
1256348319418183680
1256345058275659777
1256322419444166657
1256071450223575040
1255743013000671232
1255708918367518720
1255671371272728576
1255607281573650437
1255400018179211267
1254925694800363521
1254913041726091271
1254870419615682561
1254789352896380929
1254605359957893120
1254545740099129344
1254422697116946433
1254400047380402176
1254396194710831104
1254395421255925763
1254374691160182785
1254323064889675777
1254252219156791296
1254251667194818562
1254114264035389441
1254113490446540800
1254112711522357248
1253874304862781440
1253850432830500864
1253724624623480834
1253658185275265024
1253504429212553216
1253494565958561792
1253480103377502208
1253416489085923336
1253210212548427778
1252914623273144321
1252905090169651205
1252458664855769089
1252434833357238272
1252413600234274820
1252164962694295554
1252073906464124928
1251987886909644801
1251643533007761408
1251615546296143875
1251615496946008066
1251573662945288192
1251546926329233410
1251537773221294083
1251504053944815618
1251387212354195458
1251387013561016322
1314225119217287169
1251285574318731264
1251241504917651461
1251154641129099267
1251154058213130240
1251120254065008641
1250989153459699712
1250956928181628929
1250861928576176130
1250838993857437696
1250605921870495744
1250602571938570240
1250582305627750400
1250582123980845056
1250582004141195264
1250581708115595264
1250566707971674112
1250553131815100421
1250549749142315009
1250547835138969611
1250496173468721153
1250407039752380421
1250306154523058176
1250258118434369538
1250226111629279232
1250215714608332801
1250144811560173569
1250119772047642628
1250099065255272454
1250091885026250753
1250076347650560001
1250055136648605704
1249982544486907909
1249957177822982144
1249950116003246081
1249913444729421829
1249898033900331009
1249883087254716418
1249856064394342400
1249849178295087108
1249848433877254144
1249837708819783681
1249835297300512772
1249835121731141637
1249832548844347392
1249826705696526336
1249821613467426816
1249820344166350848
1249802244842807296
1249783506756079617
1249765488202256387
1249765486260359174
1249765484553256962
1249765481445232642
1249763751328247812
1249763312323178498
1249750065867980807
1249739773532672003
1249723318812450816
1249717146080481280
1249703680363749376
1249702656441974785
1249702511419617282
1249698526486884353
1249693661547421703
1249591071249584129
1249588579170258944
1249584947347591169
1249525347739209729
1249478573049741314
1249454495509016577
1249435235290427392
1249432716153503744
1249394083317121024
1249388934779621377
1249378394522808321
1249352100280258561
1249349073179738114
1249157873369743360
1249140168516341760
1248888993434853376
1248884617454575617
1248846929410142208
1248846188322762752
1248845732515180545
1248844880723361792
1248780766697447424
1248750324464193537
1248715578216505347
1248677211722432512
1248570937768886273
1248443737115680768
1248368191551803392
1248337616900104195
1248298380419358721
1248289582392782850
1248179527395594240
1248086751073259520
1247870495837638656
1247739405588021249
1247739130597040128
1315866183464255488
1247645079197663233
1247644268983959553
1247607479762108419
1247366582482976768
1247313251135901696
1247148312240828417
1247097985915379713
1246983213001646080
1246964975773659136
1246964494942732289
1246962951103188994
1246920326791024640
1246886890718060546
1246822067330301953
1246787992741654528
1246555536759369729
1246277668632506373
1246195925300772866
1246178895046606848
1246114128055287810
1246083998432010240
1245701622027730946
1245701542037950465
1245510549955371008
1245507756137775104
1245242826398429185
1245220663587209216
1245180383915892737
1245134971603496960
1245111368556204033
1244872625483960320
1244655967226212352
1244602733593837569
1244402262828613632
1244400594837811200
1244375357144399873
1244367471924002817
1244344778956906498
1244325496491565058
1244300893392121856
1244271920847224832
1244255574847610882
1244081695005048832
1244038829964693504
1244008281154166785
1243989416072245249
1243982081094492161
1243947014779555841
1243919673093230598
1243865797862326272
1243701766186819584
1243700715849162752
1243680393326460939
1243641212239859712
1243638417210163200
1243625599492644869
1243600948213284866
1243516335436562433
1243395322144931843
1243389667321344001
1243370105662246923
1243352675216842753
1243317623569473538
1243307009916764162
1243303861718339585
1243301953653874696
1243262207296667648
1243226966322565137
1243075687591759875
1243074121862230016
1243001112044670976
1242991727050448896
1242976154706829312
1242967248198864896
1242960869929046016
1242951212422410240
1242939530052763648
1242931259703099392
1242895173576581120
1242887979430842368
1242849161600544769
1242818912099713025
1242796481595297792
1242795594055389190
1242789940485926913
1242765519977152512
1315866931514179584
1242698282620440576
1242666558515744770
1242605051086098434
1242597826875363330
1242590739994947584
1242586827241881601
1242581660580880384
1242577820930326532
1242577615359217671
1242577538532204547
1242577370663604227
1242573138346618886
1242573021577084928
1242572151019827200
1242571792578985988
1242571542153887744
1242571335710265352
1242569460151660545
1242556969954705408
1242553530000519169
1242513025489408000
1242513001636409344
1242507740557258758
1242500628661841920
1242494579145924609
1242489045344714752
1242488014271627265
1242481796438265857
1242479836641230849
1242479267633561600
1242476120471228416
1242454738559533056
1242443394397454336
1242430628840210434
1242388704674578444
1242333013419188224
1242326016669949953
1242322230874439680
1242304309032824832
1242274388034150400
1242274345575010306
1242273953445490688
1242271125482110980
1242257047124684800
1242243303547994115
1242240644048752640
1242239119104847873
1242238341208293378
1242238325928398849
1242235224836235264
1242224945460940801
1242222841812131840
1242219825835003909
1242215622966206464
1242214879420977153
1242214559450050560
1242213105536557056
1242212284354699268
1242205121662025730
1242203647469125632
1242186651385946113
1242183760575115266
1242182951602982912
1242171406911254535
1242155019555782662
1242148146911662083
1242123633239027713
1242116727615430661
1242095883933470720
1242077911018090496
1242071249913884672
1242054447515271170
1242049535033126920
1241933079079317504
1241919348924731393
1241919093319569410
1241918470306095104
1241918292937396224
1241916024724713472
1241897716592107520
1241882872249802760
1241853551221096449
1241851777319870464
1241848188128067589
1241847426102759425
1241846686135222273
1241824609135140865
1241822789721440257
1241822314964094979
1241819201901400064
1241781975180066816
1241768474432524288
1241760684410646528
1241752520663478273
1241736290665709568
1241728134984151040
1241725649666093056
1241720418131750912
1241647955045576704
1241619262130786304
1315867532037947392
1241581444201361409
1241570062860877824
1241546600385740800
1241537393074692096
1241535897797083136
1241517851250266115
1241515440301658112
1241501298064842753
1241496277713653760
1241492308639600641
1241485939127521280
1241466427384659968
1241461799762919429
1241453307027165186
1241451312841216002
1241434952639688710
1241428424528453634
1241425348383956994
1241424998520295424
1241424105037053952
1241416510280736775
1241415139175391235
1241414109796667393
1241412781481566208
1241411707941068800
1241411167794475008
1241367362617724931
1241360598614421505
1241327494273404928
1241272621682966528
1241249616244477953
1241244299431313408
1241226472804634624
1241209149490413569
1241195767483764742
1241164804695429121
1241159950015123457
1241157512520335361
1241156024750530562
1241150633069035522
1241125579811721217
1241123972613312512
1241106738398613504
1241105021216919552
1241096473405784064
1241095171824996352
1241093449534889984
1241075987695185922
1241075570177441794
1241075140970123264
1241073568273727488
1241073148314828800
1241071519792594944
1241065274989842432
1241064706737143811
1241062179811536897
1241061791582621697
1241057909611560961
1241056702260076549
1241055242541817857
1241054986131431426
1241054690529468417
1241054175800295430
1241053551578808321
1241052404830912515
1241052239059398656
1241052061082492928
1241052012583833602
1241047906175651842
1241046027026567168
1241044922687422465
1241035340690808837
1241034237563883522
1240972252327415809
1240942114558574592
1240831214300401666
1240817902435086336
1240797597608148994
1240795489827766274
1240795443610750976
1240795263708643329
1240792488815644672
1240757241818624002
1240753431167610882
1240749194526085121
1240747709591629824
1240747363989323778
1240746885415088129
1240745682669121538
1240739457755680768
1240730861072461826
1240712655997792256
1240697918782234626
1240693848289886211
1240692009964191745
1240691923691552769
1240688112566546433
1240687146945531904
1240683652071260161
1240681888299339777
1315866612361310208
1240675638048161794
1240675013210112010
1240672471675580424
1240665581705199616
1240604756755845121
1240603640496357376
1240602023172636672
1240567791696203776
1240503805399257088
1240454124946292737
1240378291292422152
1240375473093345281
1240367396659113984
1240357020823359489
1240301867504205825
1240285455112904704
1240277145638834176
1240268407020404737
1240144479463637004
1239964142284365824
1239953985257209858
1239928959497687040
1239741353602342912
1239687267058360323
1239359571791151104
1239336867431985153
1239321261349707777
1239308661597626371
1239291085504909312
1239281591693664256
1239276706650873856
1239224446180831232
1239224445048422403
1239076970110976000
1239009536041680901
1238976290214088704
1238889346448547840
1238880369371492357
1238648157136760832
1238644904227569666
1238564336572026880
1238562592211308545
1238561058962497538
1238560006183608320
1238557125334331392
1238556413963599872
1238556127115104256
1238554641371185156
1238550976312889353
1238544649662468096
1238519053200896003
1238453977957707776
1238383990937133063
1238350083361353728
1238313792150224896
1238301244042571776
1238190395013484544
1238162690775941129
1238160124801318912
1238154836941643778
1238136459967762433
1238125621190025218
1238105879733514240
1238062110732685312
1238047564764794882
1237929241389543430
1237926117392232448
1237858096493416448
1237842564239130630
1237823745210716160
1237823379857715202
1237819905363398658
1237783797783048199
1237479222756683776
1237467756779503625
1237423313019944967
1237408450008711168
1237380231876489218
1237377326066917376
1237267216355274752
1237226097743409153
1237204478681583618
1237203889377751040
1237175676731604995
1237089098952736778
1236842186794303491
1236703402601709569
1236691546008846337
1236687108301115393
1236544886284967936
1236531626257113088
1236483983816429570
1236341797854601216
1236341011128946688
1236327921045954561
1236327548574892032
1236319745202442241
1236102971940917252
1236071391994294272
1236070562570608640
1315867532037947392
1236068791207047168
1236067501408124928
1236056503523700741
1235945283084857345
1235691098833473537
1235592100307075072
1235590910085410816
1235277594997805057
1235024182045323266
1234964839451238403
1234949257381187586
1234943637605306369
1234935670767931392
1234833612035379201
1234763763146002432
1234691877661704192
1234669383789629440
1234596809877737472
1234456957286617088
1234325107494932480
1234225065321025537
1234219154464333824
1234158313539096577
1234146379917864963
1234144644314935297
1234143626680315904
1234112338829225984
1234076887577702400
1233932139717988354
1233928153426485250
1233833712472797186
1233832818654031873
1233832502869012481
1233736223551823874
1233735013365157889
1233722781801558021
1233684903990046720
1233525802177880064
1233517281105326083
1233507982614433792
1233433225499942917
1233426158047416321
1233395230910664706
1233388733451456514
1233277972850675713
1233277808555614208
1233261144439062528
1233253634785366018
1233180706538500096
1233151415117176837
1233127649565868036
1233115438072188928
1233086979270512640
1233024238262591488
1232916501490913281
1232877951437430784
1232831665136971779
1232818063441104896
1232817552969150465
1225118904487436294
1220700947300487168
