1314713605498122240
1310994168718585856
1314605219796451328
1314441424192958465
1314405730536038400
1314315944357847041
1314306904961605633
1314023692666654721
1313565785768558594
1312064623361757189
1311934045253767168
1311933944531693569
1311373008997507072
1310766950881071109
1310673346766331905
1309863119666049024
1309615965320011776
1309562882560913408
1309351409465217024
1309316013830234112
1309303300777324545
1309279288911372289
1309278689461514240
1309230587991990274
1308885145533976576
1308854238248939525
1308844552749494275
1308844510135410688
1308844457996025857
1308842607972413444
1308836196970364930
1308831579859496965
1308812283330441216
1308799003769729032
1308795762365456384
1308794922242252801
1308773740537241605
1308760840837894144
1308670248728502272
1308630692067028992
1308614965075435520
1308614865200717824
1308614484315877378
1308613208215756802
1308608633706479617
1308542898053414912
1308527428592046081
1308516193091727361
1308514785755979776
1308508471919337474
1308493194552774657
1308484318206058496
1308483930191003653
1308478395936894977
1308467194771062786
1308457191922311168
1308454428509265920
1308454082495963141
1308453254548746240
1308452163819941888
1308434516436942849
1308402843238436866
1308397988499386370
1308395709587058688
1308328915950133248
1308314087638458369
1308297100958904320
1308293509149986816
1308271028741709830
1308261556518486016
1308255841041039360
1308254314930958336
1308242810915532800
1308236599642079232
1308227351956697089
1308205316115374081
1308203955571306501
1308175674830540800
1308135064119570433
1308112270744936448
1308112059477815296
1308104536888717312
1308072231629516800
1308037448690290696
1307999835325300736
1307973967685259264
1307946710090440704
1307860976901914625
1307846371093872641
1307836404571885569
1307830463558426624
1307804462413619200
1307786644381032448
1307786454840479746
1307785048117006337
1307784770122706945
1307784631781961728
1307784020273410049
1307783722108772352
1313569772332875776
1307783685505073152
1307783644744835072
1307783487156621312
1307783457615958017
1307783276677849088
1307783225545121792
1307782471270817792
1307782061655171072
1307780777862602752
1307779557534072835
1307779465397837836
1307779367293124609
1307779324779679747
1307779291996917763
1307779142474248192
1307779051713703938
1307778994738212864
1307778974156816384
1307749748565323776
1307739383345233920
1307726561685118978
1307721048050163712
1307716091918143489
1307713099349159938
1307705209678974977
1307686763113005058
1307666767787880448
1307662882008518659
1307557209002315777
1307532612609605633
1307517451165261824
1307517352850808832
1307511906459025409
1307504523259256832
1307503683089788928
1307478409627406336
1307458381431537664
1307455486023757824
1307454270883508224
1307450593758208000
1307449516665245696
1307435911638953984
1307419409485426689
1307383581703053313
1307381967512535040
1307381772636708864
1307377011120205825
1307370883393048577
1307364810451947521
1307363423236231171
1307354483647684609
1307353792015249409
1307351280176652289
1307344827844120576
1307337564559421440
1307332115667673088
1307324574518796289
1307316562773254144
1307312633234694145
1307311859981258762
1307305976953937920
1307289942075363329
1307286166979440640
1307285915279257600
1307285446913937410
1307284662847504387
1307277834772254721
1307276634060275712
1307273277983793153
1307273062417530881
1307270134562660352
1307231195793485824
1307222783978426368
1313569772332875776
1307219079845928961
1307219071163748352
1307215150982656001
1307201135204159489
1307197491780042757
1307170709412573185
1313569772332875776
1307164921415770114
1307133862892404736
1307130195120459778
1307126735914369025
1307124673445015552
1307122935258382336
1307122779695853569
1307112792672141313
1307112049667977217
1307110840831741953
1307105803166507008
1307101974727401479
1307100963283632128
1307099475480121344
1307098855226462209
1307098278601928706
1307097447303450624
1307097334661238786
1307096271459622915
1293405181934096384
1307096168355241987
1307095953674063878
1307095505407705088
1307094672876150784
1307094037422395394
1307093746404798464
1307093363066314752
1307092953291264009
1307092624902443009
1307092307573960704
1307091452267294720
1307089770363990016
1307087396283060227
1307086659046060032
1307085886178430993
1307084300014284808
1307083700878925825
1307083049906176001
1307082491141017600
1307082303756263427
1307080879253196801
1307079871630323724
1307078748949413888
1307078606787686400
1307078204289581057
1307077870779609093
1307076898757935104
1307076422364692480
1307075276770246657
1307075210391289856
1307074883520794630
1307072975930302465
1307072679078506497
1307072251188187136
1307071924254760962
1307071425677848576
1307070292523651073
1307070276769849346
1307069782907400192
1307069588878831616
1307068937574723585
1307068523890573313
1307068522258984960
1307067679912718342
1307067633876054019
1307067162587168770
1307067099563593735
1307066954763710468
1307066753646833664
1307066732209635328
1307066022021730304
1307065689618952200
1307064989535084547
1307064825600761856
1307062976969682945
1307062918123581445
1307062853032177665
1307062711805775872
1307062445324804097
1307062387355398146
1307062236716949504
1307061421155528704
1307060410642829313
1307060067901075461
1307058937909465094
1307058416381243392
1307057998381056000
1307056984655568897
1307056864161681409
1307056544731860992
1307056393384587264
1307055295798145024
1307054566429650945
1307053861278973952
1307053330229800962
1307050704780111881
1307048241121423360
1307048102411538433
1307047895334559745
1307047181505957896
1307046827204792322
1307046708149448704
1307046618206797825
1307046182154317824
1307045417302085635
1307044494672527361
1307041919248273411
1307041138621255680
1307041010199879680
1307040913613611008
1307040874078101504
1307040752204222465
1307039037912473601
1307038644969107457
1307038635695304704
1307037509763960833
1307036125312229376
1307035541813288960
1307034954950295554
1307034195311566848
1313569772332875776
1307033855883444224
1307032065867563008
1307031231456923650
1307030074584047616
1307029003312660480
1307028625896529921
1307027960776388608
1307025700721848322
1307025243416928262
1307023659068846083
1307022539923709952
1307021783808143360
1307021268063981568
1307021098525966336
1307020863447814145
1307020744921022464
1307020674217775106
1307020595352096769
1307020547310510080
1307019952398819328
1307019915505709057
1307019859935465472
1307019523308941312
1307018924689625088
1307018588906090496
1307017702637146113
1307017654448910337
1307017586761064448
1307017481165307904
1307017414790451200
1307017369215102976
1307017091367579648
1307016899348189184
1307016763310178304
1307016622691905536
1307016540722663425
1307016337512775680
1307016226346921984
1307015666977792000
1307015563504304128
1307015448102223872
1307015386915766272
1307015286868996096
1307015201665900544
1307015104559415298
1307014834236477440
1307014775688192002
1307014733791281153
1307014682478166016
1307014621052563456
1307014585744986112
1307014495672233984
1307014432044670977
1307014338553683969
1307014292231745536
1307014253459587072
1307014207859122176
1307014172052303872
1307014161990213632
1307014106801610753
1307014034726686721
1307013214627131394
1307013190501494791
1307013110256021505
1307012791283245056
1307012129518542848
1307011993832833025
1307011781886443521
1307011266326732801
1307011135946870785
1307011088739971072
1307009798479572994
1307009601867575299
1307009074689531904
1307006479262609410
1307006081122463746
1307005675470352385
1307005033477799939
1307004251202179072
1307004112588791810
1307003925879353345
1307003272746549250
1307001424627212288
1307000895125692416
1307000426634514435
1307000256882565120
1306999787581964289
1306999377202835456
1306999010733953024
1306998823143632896
1306998804856492032
1306998591798390784
1306998291314302978
1306998192467140608
1306998046832709638
1306997840627953664
1306997707135827971
1306997685229031424
1306996944133402624
1306996936944222208
1314225152679346177
1306994966871252992
1306994201528164352
1306994161531273216
1306994040798412802
1306992887570165760
1306992236748570627
1306991445547515905
1306991223563927552
1306991011214757888
1306990786991456256
1306990652769447936
1306990575003078666
1306990355468886017
1306989991864672257
1306989496743780353
1306989082099081217
1306988792088203265
1306988694251794432
1306988575951450112
1306988195847036931
1306987753750450176
1306987427676872704
1306987234885693440
1306986539847573504
1306986441243848707
1306986437364060160
1306986302928158720
1306986194492731392
1306984965473624064
1306984841485774853
1306984772657270784
1306984328186920960
1306984120971485189
1306984070769909760
1306983280831496192
1306983110215639040
1306982860402888705
1306982843185156096
1306982841754869760
1306982376577224704
1306982273003085829
1306982124076097537
1306981916692766727
1306981654964178944
1306981651130458112
1306981459958194176
1306980905546702850
1306980236102311937
1306980070473437185
1306979878420398115
1306979723285680131
1306979680776409091
1306979521082486785
1306979069418827777
1306979048036265984
1306979046866128905
1306978560876322818
1306976140490240000
1306975942221283329
1306975714399322112
1306975638570500099
1306974477847130112
1306972844304211970
1306962931351838722
1306961724797407232
1306961327034785792
1306960817892466689
1306952773104095233
1306950309785133056
1306950233775960074
1306949654827790337
1306948875719077889
1306948089752760320
1306947629088223233
1306946787454988293
1306946355491999746
1306944470533849089
1306943696324231170
1306943576647954432
1306942554236235777
1306934750548910082
1306934417357594627
1306932661554823170
1306929598915964928
1306928393150029824
1306927220036956160
1306925040957415424
1306924212695654400
1306923769949159424
1306923121761374209
1306916306793488385
1306899125804253185
1306895756041900032
1306885732074573824
1306883734549852160
1306883143572557826
1306876069291720706
1306868024872296448
1306867856877916160
1306866447994376192
1306865707368419329
1306865580905918464
1306864264397824000
1306858917129977857
1306857745224617985
1306854604580159488

