1316166225886670850
1313569772332875776
1316164062280024064
1316163580392284168
1316159295503958018
1316149172748398594
1316141387079774208
1316130347311075330
1316125377832652801
1316099297860038659
1316094718829309953
1316081356816908288
1316074678973202434
1316069086468747266
1316060905881436160
1316048710560817158
1316016954684051458
1316012396943564800
1316012078793015299
1316009621761347584
1316009302889508864
1316009007719489542
1316006863272644608
1316003983098630147
1315996368490635265
1315991542587420672
1315989766819643393
1315980583571468288
1315979147030810625
1315966466995486720
1315964849009184770
1315955864587636736
1315944809685831680
1315944030140760064
1315901363461648384
1315893792407388160
1315892573257383936
1315882699484258304
1315867450026594305
1315859999835398144
1315859191798525952
1315858047185477634
1315852411907567616
1315848875505143808
1315842505930207233
1315839977201315843
1315833533273866240
1315833268600811520
1315832850898444294
1315832249967808512
1315832161602207744
1315827908305272835
1315825845525770240
1315825644538740736
1315825612007718912
1315824572286078976
1315823571491577856
1315823205441966080
1315820034904653825
1315819149495599106
1315818497436520448
1315816916729163781
1315812202985775104
1315811572527357952
1315808712976723974
1315803918153273347
1315803316182425600
1315802628236800000
1315801881428590592
1315800561829126146
1315799138299072513
1315798379222491136
1315797973817671680
1315797544803262464
1315797025544261632
1315795055601479683
1315793312566128640
1315791716255924224
1315791683653640192
1315788391712055297
1315787234193203202
1315786488802611202
1315785581587243008
1315784382053933056
1315782470965637120
1315775682203594755
1315775661123022849
1315774536567017472
1315770569917231104
1315765003375476736
1315763160578695169
1315762454484250625
1315757640065187842
1315756362794631168
1315749518923583489
1315747854380531714
1315747169190785027
1315744247287554049
1315743728326316035
1315743009544327175
1315739394393817088
1315736229913063424
1313569772332875776
1315733938535428096
1315731461891334146
1315730588050042880
1315730568852766722
1315730494747803649
1315729989967454208
1315728337130545152
1315728186823577601
1315727428996694017
1315726499236937729
1315724786694266884
1315720854337196032
1315717064921812999
1315715496478756873
1315715378228719617
1315713780311941120
1315710957818179584
1315710427398049792
1315709266137759744
1315705811142729728
1315703257197576192
1315696732563484673
1315696043208499200
1315694652654313472
1315693122068905984
1315689267251875840
1315688791328403458
1315685911879843843
1315683421243551744
1315682390044561409
1315681630095278080
1315681345033719809
1315681168461832195
1315678741914419201
1315678311629164546
1315676485089480706
1315675752797356035
1315675466372509696
1315675217398702080
1315673702504239105
1315671428763590658
1315670738104283136
1315665381336453120
1315663195491590144
1315658693741027328
1315654674473717760
1315653967846748161
1315652069857136640
1315646665278271489
1315645713645264896
1315643528748425217
1315642638989750275
1315638599040278530
1315634587524124672
1315633961893208064
1315628508299833344
1315625956166467584
1315624320924823557
1315623053855010821
1315618596538716160
1315615268962471937
1315613711374209025
1315608543702196224
1315596562102452227
1315529154784305154
1315528020829052929
1315513328052121601
1315495563597623297
1315488307288002560
1315483138441666560
1315480804617867265
1315474025926332423
1315471943852871680
1315464974962098178
1315462702479929344
1315458127446376448
1315448639255457793
1315440409066250240
1315438826786086914
1315436926174887936
1315436017479024640
1315432564933435394
1315430546864996352
1315429733992194050
1315424808113504263
1315424267836821504
1315422087331360768
1315419545188917248
1315419422891413505
1315416831503589376
1315402037107011584
1315400078392086528
1315396944987070467
1315396315434672129
1315394989212545024
1315390522580758528
1315390414304817153
1315382501431541767
1315381383464845312
1315376426485506048
1314225152679346177
1315368875865894912
1315367340993806336
1315352414074146816
1315349469928579074
1315344428916244480
1315343921795469312
1315336837225906179
1315318174620024832
1315304816533409792
1315293495050018825
1315293289684389889
1315293238597648384
1315292110132842497
1315278374475100165
1315277010466291712
1315276906196066309
1315276285568974848
1315275544838070274
1315274817067610113
1315272660012732416
1315271617904345089
1315265438507585536
1315251931204460545
1315246034629558272
1315238072716460039
1315193766991462401
1315175664220209153
1315160770775318528
1315142335705931776
1315128955008151612
1315124479492792320
1315107944946634753
1315107776088211463
1315096010927017984
1315093913225420800
1315093274508627969
1315091837456130049
1315086126013714442
1315085241250385920
1315083690540625920
1315078549989097472
1315074948482899968
1315071342715310083
1315070247423021056
1315062684467953664
1315060508538605572
1315060011614318593
1315053809232752640
1315045898586656770
1315034086516420610
1315032512125702146
1315026681850212352
1315025253198831621
1315022593913696263
1315022362048225281
1315018028850049026
1315016635862913026
1315014010463551490
1315013653356314626
1315007463138131968
1315003591279738882
1315000827380076544
1314998033088684038
1314997539159126018
1314986355072684038
1314983959009390595
1314982889059164162
1314978591755702272
1314969628943282176
1314968146667683840
1314963552034263047
1314948517610258432
1314947794243788800
1314939637291507713
1314939107919962113
1314938834329784323
1314935512805801989
1314925773539729408
1314925158054977537
1314924346494783490
1314920650893524992
1314917901770518528
1314910248973598723
1314903650297417729
1314903081847578628
1314899460997120003
1314899059203878913
1314892365488959488
1314877046183653378
1314869145717084161
1314840343871774721
1314825338925522944
1314824308183556097
1314823821807874049
1314814437178499072
1314812477079801856
1314795398385397760
1314787332676112384
1314786566213120000
1314782666470768640
1314781359764770816
1314776066209255425
1314774264684437504
1314773628110532612
1314768462334492672
1314766171833536512
1293406046996717570
1314756631322918913
1314755671217238016
1314754281132773376
1314753389536870401
1314742807131828225
1314742100110577664
1314741534311493632
1314739457107668992
1314738094634139649
1314736547225239558
1314733472926306306
1314721604170117120
1314721017986678785
1314719578816159745
1314717576988155905
1314715467823624192
1314715268891832320
1314713520676786177
1314708923601940480
1314708894438965248
1314704474414481408
1314702552571678720
1314702312376602625
1314689623034126336
1314688413300387842
1314684167473426432
1314682794128281601
1314675478263934976
1314674150645084167
1314672913736318977
1314661624276426752
1314661617959751681
1314655053844811779
1314653694592462848
1314653656088797184
1314649525966065665
1314645574008872960
1314641695774896129
1314638005039247361
1314634920480968708
1314632937225281541
1314630479627386886
1314625433099546626
1314624937445842944
1314623752076840961
1314621381691277318
1314613146389221379
1314612698630553600
1314607710269313024
1314603274226544642
1314602408987815938
1314600279573245953
1314599914383474691
1314598346322046980
1314598324813672450
1314594067272151040
1314588294588493824
1314585177398611968
1314583461517164547
1314582531703033857
1314578966611714048
1314577520541470720
1314575121307381761
1314571224161357824
1314558779938267139
1314555970341797888
1314554984713859074
1314553259768545280
1314546260926500865
1314539876142833664
1314524777265192963
1314522112279949314
1314498597812162561
1314494574769905664
1314481161675182080
1314479477133586432
1314456950671728641
1314452792422039553
1314441082718085120
1314422126552571904
1314419072537329664
1314405512071479298
1314405361277906951
1314403973911240704
1314403588110651393
1314403093916704769
1314402999851118592
1314398951555047425
1314390593221656581
1314390445561176064
1314388875335421952
1314388522346917888
1314388154078519297
1314385051828748288
1314225119217287169
1314381157941772288
1314380349418471424
1314375219126194179
1314373605480947712
1314370611867725825
1314366232607502338
1314366162373873666
1314358675805478912
1314356932204015616
1314355812857450499
1314353424805302272
1314346940306350081
1314344953158553601
1314343578643165185
1314343206952284160
1314335330489827334
1314335297895903234
1314334735355781120
1314334228620996608
1314332595342118912
1314331748692492288
1314330719817101312
1314329472477265920
1314328480360824832
1314326207031320576
1314322442286968834
1314318493555339265
1314315736513298432
1314313552417763335
1314313379583086592
1314308483223826432
1314306678175805440
1314302649894875136
1314298282324226055
1314297234834497541
1314291374691360769
1314288290162384897
1314287544473919490
1314285044836507648
1314281341211602945
1314278533942800384
1314276052043288578
1314266510660112385
1314264189767090176
1314263647770701824
1314262905341259780
1314262595478593538
1314261054101356549
1314260770985848832
1314259889380712448
1314252992762314756
1314252594257162240
1314250721567682562
1314242190495883264
1314241760344764416
1314241119232892934
1314241070520180740
1314239653113782272
1314237891950907392
1314232845699751937
1314228242719682560
1314227714371596288
1314223033167605760
1314212332055093248
1314208786786054145
1314205924228177923
1314202864705695746
1314202789640167424
1314202662833803265
1314202638779465728
1314201126670004226
1314200889608069120
1314199957080092673
1314198844448665600
1314198745488203776
1314198681973907456
1314197112226295808
1314195202710544384
1314195042550964224
1314194391100092417
1314191813671034880
1314188484475793408
1314183277587034118
1314179056573845504
1314178855125561346
1314177495235809280
1314176984340140033
1314176286722416642
1314173712367845378
1314171695037468674
1314170408632029186
1314170169132892165
1314157488716107776
1314147287514394624
1314132188703723520
1314117089024716800
1314096742808211456
1314096170826825728
1314086886525333509
1314083915691327488
1311792322649247747
1314071783105060864
1314063985004609542
1314058234374705154
1314048615711748101
1314047914654732289
1314045660094701569
1314041273561616385
1314039389379416064
1314038451554201602
1314037611263152135
1314037002740936704
1314036988958343169
1314036045663612929
1314034754426155009
1314033860687081475
1314031353298518016
1314030668976926720
1314030555894222848
1314028516774604800
1314028392094683136
1314028161630261248
1314027583512571904
1314025730477420544
1314022226929176576
1314021010040066048
1314020142649466880
1314020048944672771
1314017098847354881
1314016264554262534
1314014265284734977
1314014150276845568
1314013979400974338
1314013947536846848
1314013880289497090
1314012995182362625
1314011718457196544
1314011705274494976
1314011387304251396
1314008107262136326
1314001832210059264
1313998592147886080
1313996335364763648
1313994927374819328
1313994533609201665
1313988643992883202
1313987344484069376
1313985585401470982
1313985096505012224
1313984087766507524
1313981189758373890
1313980985197973504
1313978414869536768
1313971592322375680
1313969416036585472
1313968439648645120
1313966649561681920
1313966270191206402
1313962096086773760
1313955760347508736
1313952264399192065
1313950994225606656
1313950526539661313
1313945528795889670
1313945451645853697
1313943923866456064
1313941036113289219
1313936874113650688
1313934035165605889
1313931284045983744
1313930397974102016
1313929641237897216
1313920799741444099
1313920737091125249
1313920402561929221
1313919315742093312
1313917891641839616
1313917553467707393
1313917038344110080
1313916272594358272
1313913947431469058
1313909365586362368
1313908862349701124
1313907586434039810
1313905697780895746
1313902240407539712
1313899380789792768
1313899041651130368
1313897947759816706
1313893162847547393
1313891551018389512
1313886272394584064
1313881758916636672
1313876432527986689
1313871396334825473
1313869317453168641
1313868969460166658
1313867682417049607
1313864396905512968
1313861960660905984
1313860405341675521
1314225152679346177
1313858117906714627
1313857187341570051
1313856556568588290
1313856193404776448
1313854879438315520
1313853825845997569
1313851343199760384
1313850355411812352
1313849803885903873
1313848254426238977
1313845658164563969
1313845301854244869
1313844506614214661
1313842710567178240
1313841760812982272
1313834501383106560
1313830955329753093
1313830376658341888
1313820370080657408
1313817467756609541
1313809686639017984
1313807512047624192
1313806743810592773
1313806204876001284
1313805044794503169
1313801479010971648
1313800917771333633
1313799997352226819
1313799881581113345
1313798721973477377
1313797971264167937
1313793452363206657
1313769799785349120
1313767409220816896
1313754697946333184
1313739596560322567
1313728698059763712
1313724496579309568
1313710613525262337
1313709397730832384
1313701134784135171
1313697646767349761
1313694297108164608
1313690664316534785
1313690223470051333
1313681167506382848
1313678916733865984
1313675437017567232
1313674111491735552
1313672956334215169
1313672290496774145
1313671346069667841
1313664554921066499
1313662957977587722
1313659078699352064
1313658681167409153
1313656520060665856
1313655410839162880
1313653638322151431
1313653473125130240
1313649000093020162
1313648621716492289
1313647409973678081
1313647356995399680
1313645518015336449
1313643602057342978
1313642477920948228
1313641816017825792
1313641074003378178
1313640910262095875
1313635599241408513
1313634836654034945
1313634394586963968
1313633903677235205
1313633262078697472
1313632485046190080
1313628746654466048
1313628717374210050
1313627883718537216
1313627093645758466
1313625436497211392
1313624730759389185
1313623834621169664
1313623127612588033
1313623027184091138
1313621303631511553
1313619924489654273
1313617685629014017
1313617080457912320
1313616052174151680
1313615377369370624
1313610076121432067
1313608535905886209
1313608521418706944
1313605855074451457
1313605194941452293
1313603771453394946
1313603703178436608
1313603214793748481
1313602537937940482
1314225152679346177
1313599255479644165
1313599164023005185
1313594082262872064
1313592205337153537
1313591242744238080
1313591101077495809
1313589102076362752
1313588605470810113
1313584584861327362
1313584325716250624
1313581065647337472
1313581027869241348
1313580393195503623
1313579669539741696
1313579535695257600
1313579442271219712
1313577646907772929
1313575657545306114
1313575563240640512
1313568680375201793
1313568119122690048
1313566896814518274
1313562989740646406
1313561763649122304
1313560395735474177
1313558409178943488
1313558295433674755
1313557680460570628
1313556417123672065
1313554555850780673
1313550610990592000
1313549481535774720
1313549425772503048
1313548606717091840
1313548508276953089
1313548402995556352
1313547233917202432
1313545404886052864
1313544422626226176
1313544358495428608
1313544218736947201
1313543311542620160
1313539689391898629
1313539311082434560
1313537139292987395
1313537115179937793
1313536414470959106
1313535309200719875
1313532376639651841
1313530835753152515
1313528215160467458
1313528008750268420
1313520835504865285
1313519796655321090
1313519210518069248
1313518943257190400
1313518718249504772
1313518587278249985
1313518176492302336
1313517851018395648
1313517557622558720
1313517513267908608
1313516248848912386
1313510895709028358
1313509838459199489
1313509761111867393
1313509121245675520
1313506014696738817
1313500662454521857
1313499323494264832
1313499104618655746
1313498016146427907
1313494349909569541
1313492130216673286
1313490606954622977
1313489737487876098
1313486912804528133
1313486509849350146
1313484189514305544
1313482918258499593
1313482690126061570
1313480891273019393
1313480161581465601
1313477966433865728
1313477666608238594
1313475056731779072
1313474092289449985
1313471853462249473
1313471205249294339
1313467881120620544
1313465562383540224
1313464290540695557
1313462381931098112
1313460000841498624
1313458527080378369
1313456918531395585
1313456462312603648
1313453017614647297
1313449693599289347
1313448327149686785
1313569772332875776
1313448050556375041
1313446456360013825
1313445682607353857
1313445678501298176
1313435993685594112
1313433105835974663
1313431577834160130
1313430906783268870
1313422510906580994
1313413980275314691
1313407407935107072
1313392312752500736
1313368452082659328
1313367164942917634
1313362111217774593
1313358408926412801
1313350220231643136
1313347684900777984
1313347008170725376
1313345470828171269
1313340098881171458
1313333421909762048
1313331909766844420
1313329944433291264
1313323365856231424
1313316809211342848
1313315070185701382
1313314443573559298
1313311953373351938
1313311865716584448
1313311122615918596
1313310598499913728
1313301709804974080
1313299544302444550
1313298116448141312
1313296026556657665
1313293929194745856
1313293715901947905
1313292134640910336
1313290674876248064
1313289459635490822
1313285665845506050
1313282277472980992
1313281964242239495
1313278908314218497
1313277207465406469
1313273902324281345
1313273864672034817
1313270967188303875
1313269126316531712
1313268988663590912
1313268481656262657
1313266043155079179
1313262578274099212
1313262520329744385
1313262384568467458
1313260491490369537
1313260410221588480
1313259852341415936
1313258659384762370
1313256981214498816
1313256412030566400
1313255865739288577
1313254724817346562
1313253892294152192
1313253847435886592
1313253411064696835
1313252997942501376
1313252480822603776
1313252437164060673
1313251477410906114
1313250635081494529
1313248968013312001
1313247702067548160
1313246230764572677
1313241892079849472
1313241559253561355
1313241316818644993
1313235524417720325
1313234381851459584
1313233972512657415
1313233561340829697
1313232752733347840
1313231251571081216
1313231240594681856
1313230051236814853
1313228144267141123
1313227562823421952
1313227556519391239
1313223023156252674
1313222216331395072
1313213195830476800
1313213069036716033
1313210709480632320
1313210017559056392
1313209968959590405
1313207359196594180
1313207005289558017
1313206892986986496
1313205170852032512
1313569772332875776
1313203054615855105
1313199741044285440
1313197988597174280
1313197548199391235
1313195537533984769
1313194542254813184
1313193799573741570
1313191720767623169
1313191049443983360
1313191048701710341
1313190098691915778
1313189846093979649
1313188514616483840
1313188343480549379
1313187996590575617
1313186514193481732
1313186369569648640
1313185397833310208
1313184836820103169
1313183540629008384
1313180927502229509
1313180039572226049
1313179460963889153
1313179013095944192
1313176874273693699
1313176328934486016
1313175308179185665
1313169627376050177
1313168492573667334
1313165977153146883
1313163710194692096
1313162596845973505
1313160609802878978
1313158896916164608
1313156018004656134
1313155131425390595
1313154393122967552
1313153718515306499
1313151197725880330
1313150819932557312
1313150728203108353
1313148019500515329
1313141209901289475
1313140483854536704
1313135783298113542
1313135632013758464
1313135441164603392
1313133921639505922
1313132735909842952
1313131934961336323
1313130565873201160
1313126186973900800
1313125530502340610
1313125289300377601
1313120527675011075
1313120460826181632
1313118347756818434
1313114199267180544
1313111634907463680
1313108149751119873
1313101554724089861
1313090322050752512
1313088829495091201
1313086421675184129
1313086211704184835
1313085941528113152
1313084950720245760
1313083989767282688
1313083542885277696
1313081398505472001
1313080574903570433
1313076681591205890
1313075221696516098
1313066941381214208
1313063900800266241
1313014821160398848
1312993219492208640
1312984621806694400
1312973889895530501
1312971360461828096
1312969582701838337
1312969520177319936
1312965722054811649
1312964429357621249
1312963759938457600
1312961842596069376
1312956845581983749
1312956429788209153
1312954420410421250
1312953060877107200
1312949741043367939
1312943480184995842
1312933796837232641
1312932814929584128
1312930950087671811
1312924223174778882
1312922506941005825
1312918156881649667
1312917425537642496
1312916297768824832
1311792262121164803
1312916128583356417
1312914723864748032
1312913890838282245
1312909259634597894
1312909123869175809
1312908649367564293
1312907860263620608
1312906890641379332
1312906223218556930
1312903290271784960
1312902602145890305
1312902046081781761
1312898339801829376
1312896285200982017
1312896038580244480
1312894513434648577
1312892387627282432
1312892376776617988
1312891895031361536
1312888739228643328
1312888008530685952
1312885635271872512
1312883928290656257
1312882239298920448
1312881783441154057
1312879219630723072
1312879187741429760
1312875717395451911
1312875574277271552
1312871149521399809
1312869733730078720
1312869056987488259
1312865636486275076
1312863828493971458
1312860819970052097
1312860676315058179
1312858145539059713
1312858099552669696
1312855431350497281
1312853706988302343
1312848728106184706
1312847186032500737
1312842620150968321
1312842133905313795
1312839998148734976
1312839972571971584
1312839385612644352
1312839180561477633
1312835444007202818
1312834910432956420
1312833785621291008
1312831019129552897
1312828557169692677
1312827608615223297
1312825200451489792
1312825048571539457
1312824516465373187
1312820321171505153
1312819610849341444
1312817886759727105
1312814169079468032
1312809198040707073
1312803428926717952
1312798714755534853
1312793059072061442
1312789150085472257
1312788740348272644
1312787993799929858
1312787497026572289
1312781516607426560
1312778515939430400
1312778341527715846
1312778019430256643
1312773231879876609
1312770594715258881
1312770435084288000
1312768564168978433
1312768512440455175
1312768306638548992
1312763814966964227
1312759396083142662
1312758131190005761
1312756781349826561
1312756437228101633
1312756249184874496
1312755950558871553
1312750923370958850
1312748017959735298
1312744978519601154
1312743032333180928
1312737691935666176
1312737364314390528
1312734467103088641
1312727932633317381
1312723044624994305
1312722550263349248
1312712829976403970
1312697743656259586
1312697730326822913
1312666555663163392
1313569772332875776
1312664238180233216
1312652431482904577
1312643737059614720
1312641774893006849
1312637331036409856
1312627794354925568
1312624317675507712
1312613199343222789
1312607132940787714
1312606222877700097
1312605576623341568
1312600399224860672
1312595327740829697
1312592371637395456
1312592034931322881
1312591228161142785
1312590192763691008
1312589814626021376
1312588885713711104
1312587981769695232
1312573677557346304
1312573604643500032
1312571376587493378
1312570517996486656
1312568284793929729
1312568236144291846
1312563873938132992
1312561836806549505
1312560121021706241
1312559298761953280
1312559287256920065
1312557461170257920
1312556141692420096
1312553636107616256
1312550264956743683
1312547983695773696
1312546735961538560
1312546671272882176
1312546208267689984
1312543962213896192
1312543096975089666
1312538693589032960
1312537667368697857
1312531795565404161
1312531637616340992
1312529749042884608
1312527776059060224
1312523094259494913
1312519024215953408
1312518188475666432
1312513418906140672
1312508807440814085
1312503543597690880
1312502607454199808
1312501439718068224
1312501324597010432
1312499379501068288
1312497970114252800
1312494988534534144
1312493095431274497
1312491122208370688
1312486338147483648
1312485016459329537
1312477881600151552
1312476615398490112
1312476533064228864
1312476456765714433
1312476215081459712
1312473880083066880
1312471503225544705
1312470529446539264
1312469558343606273
1312467097222479872
1312464373290426370
1312461373612285953
1312460727463026688
1312459966326824965
1312459366981795842
1312458627244912640
1312458491680886786
1312457381633118208
1312457308199297026
1312456006438248450
1312453378186727425
1312452175168110598
1312452151302471680
1312452146252587008
1312449730257928199
1312448358913511424
1312442433016197120
1312439512648171523
1312436017232711680
1312435286870294529
1312434863090413569
1312433974380298241
1312433908953219073
1312432839179210752
1312432794446917639
1312431753102069760
1312431284577280001
1313095838747578368
1312431272841613322
1312428642417295360
1312427193625182208
1312426292302639104
1312425944288821248
1312421588684468225
1312421210035281920
1312419885587161088
1312416970000662529
1312410845977227264
1312408896565370880
1312408792383053826
1312407996060913664
1312407783220932612
1312407735695298566
1312407629348646913
1312407488524890112
1312407401958641666
1312406611776942081
1312405313241395200
1312404750734897152
1312404559961231362
1312404498057486336
1312404352104124416
1312404120708485120
1312403916466909184
1312403570243887105
1312403353834577920
1312401187392479233
1312400598466265090
1312397976510377984
1312397029738455041
1312396465701105664
1312396407349932035
1312395744918282240
1312393004309786625
1312389624682160129
1312389483611017217
1312388783439044610
1312387806803746817
1312386225253347328
1312384261106946048
1312382101128458245
1312377662632071169
1312370614448140288
1312368493036220427
1312368042563825665
1312366200089972736
1312366008254988290
1312365543517757443
1312365188327374850
1312361514062487552
1312360193284505600
1312355041240645633
1312351945047379968
1312351563428622338
1312350445613076480
1312346005896081410
1312335578457808901
1312335342608015360
1312320243621126144
1312316785677332480
1312313716801712129
1312312277207404545
1312311492566487040
1312308833113571328
1312306575441375232
1312305144936173575
1312287883760345089
1312268803565408256
1312262155945742337
1312259844473315330
1312252335935037440
1312252051808714754
1312252040354189313
1312247835224498181
1312244810237976578
1312244746996404226
1312242815280328715
1312240338367582208
1312240026940575744
1312239987933376519
1312239788993515520
1312239517689163776
1312239226428231682
1312236435047620608
1312233419246534666
1312233028836495361
1312222805367365632
1312221961033052160
1312219123867414529
1312217387673018375
1312217342710099970
1312215853081845760
1312213527050952704
1312208116985942016
1312206443626393602
1312204209006104576
1312204010955317248
1312203754372960256
1312203177391923203
1312202436669370368
1312202301738676224
1312201537976901633
1312200601246212097
1312198536730087424
1311792322649247747
1312198472607490049
1312198044767514624
1312196093711577090
1312189796232515584
1312188110680158211
1312186803340808192
1312186406551252992
1312184350989938688
1312181807702446082
1312181763611922432
1312180677777920004
1312178525940588546
1312178262420807681
1312176839729659904
1312172264830369793
1312162178498097153
1312161997455122432
1312161867322679297
1312161044203094016
1312160418647793664
1312159916149239810
1312158625020825600
1312156326848466944
1312156191355625472
1312154151619420160
1312150841608925184
1312150441854033921
1312150315265712131
1312150164929310720
1312148183766630402
1312145035853402113
1312143446224764929
1312142300726743040
1312140338224459776
1312139052599001088
1312136681567387648
1312134614438223872
1312129169761812481
1312129042661822464
1312124834155880449
1312124630971285505
1312123955650588672
1312123472613580802
1312120194773348352
1312116918191443968
1312115346841583617
1312114970218262528
1312113583291953153
1312109398727094273
1312106266672545793
1312106128507953152
1312105803122311168
1312105059270885376
1312103649787613184
1312101315233767424
1312100885942558722
1312100273888743425
1312099875190788096
1312098383906004993
1312098193346236417
1312096371017736192
1312096132764377088
1312095119697297408
1312094770420948994
1312093996404166656
1312093759136509952
1312093564281724930
1312092714536706058
1312090996444786688
1312089451137466380
1312088840287531008
1312088530571665408
1312087309429465090
1312087091740733440
1312086341472194564
1312085964836147201
1312084967611011072
1312084621958537217
1312081428784455680
1312078679397208070
1312078657909862400
1312076105071771649
1312072264788176901
1312070298645131265
1312070256383254528
1312070205254713349
1312069891168501760
1312068881259868160
1312066888055357442
1312064735152537603
1312063839236546560
1312062728098414594
1312058990369681410
1312058122865868800
1313569772332875776
1312058033711833094
1312057855181234176
1312057581075156993
1312057372693725186
1312057189989834753
1312057175934672903
1312057069982437376
1312055510502453250
1312054772896157696
1312054538401185792
1312054500799270922
1312054374286454786
1312053576269795329
1312053005638926336
1312050317366833159
1312048749770878977
1312048588726456328
1312047774637133827
1312046850380312578
1312046785192484866
1312046549082439680
1312045960420380676
1312045138831704064
1312043481464893440
1312043082465017856
1312042726792335361
1312042665433800705
1312042395505242113
1312042139950305283
1312038326732566530
1312037318492999681
1312036266528079872
1312032958954565632
1312032877111115776
1312032600677142530
1312032449325666305
1312030822082383872
1312030727098204166
1312029405066285057
1312027948871024640
1312024329484460032
1312023929243000832
1312022889802223618
1312022651364409344
1312022347260538882
1312022218474500101
1312022067290796038
1312022002555932673
1312020700589326336
1312020574173040640
1312020529994436608
1312020016771010560
1312019469255012353
1312019360341516288
1312018474240217088
1312018262209761281
1312014892866695175
1312014783659606028
1312014518076280834
1312012547332206595
1312011002939047936
1312009033390469121
1312005471864336384
1312002685118279683
1312002232221495303
1312000741876396037
1311996235621031939
1311995613026938882
1311995300849033216
1311991913831170050
1311991592547426304
1311990597587173379
1311990080425332738
1311989589733715968
1311989436327096320
1311989233297641473
1311989147087835136
1311988425600438276
1311988056975699974
1311987929980506112
1311986936006017024
1311983673898655746
1311968663126396929
1311965170881695744
1311964486438354944
1311963995298050049
1311963927115452416
1311957858561523713
1311955159375728641
1311951098035478528
1311947626611384324
1311944566040399872
1311942023537192965
1311940352316760065
1311937617051619328
1311935486345187331
1311930442480840706
1311927657282629635
1311923448965283840
1311922105483755521
1311921960285134848
1311916566028734465
1311915661719990273
1311915037624336385
1311913531504291841
1311912556152356865
