1316170226275414017
1314225119217287169
1316169705883922433
1316169093595238400
1316168892931244032
1316168422280114182
1316168000949678081
1316168000119222273
1316167966010957824
1316167664050606085
1316166926662537220
1316166419738894338
1316166101659574273
1316165551689883648
1316165328632786944
1316164981973344256
1316164829896486914
1316164707493969921
1316164492271575040
1316164252080668673
1316164244610732032
1316163911427784704
1316163595944693760
1316163135103856640
1316162452078305282
1316161504090050560
1316161480413323265
1316160411159326720
1316159040171331586
1316158920314908672
1316158314842148865
1316156947809271810
1316156282030690304
1316156044440002560
1316155606601027586
1316155357010501633
1316154992680595457
1316154197885083649
1316152784866152449
1316152751668117504
1316152652430893057
1316152011142754304
1316151581285310465
1316150636627591168
1316150628721197056
1316150194908532736
1316150102222925828
1316149751868321793
1316148552637186048
1316147329909489664
1316146972877901824
1316146939520573441
1316146881421086722
1316145009016668161
1316143971052158978
1316143806484549632
1316143602796425216
1316143560115122181
1316142858404081666
1316142334384504834
1316142204319141888
1316141455757340672
1316141408034541569
1316141144481333249
1316140608348717056
1316139680472002560
1316139570086449152
1316139360425660423
1316139125817442312
1316138314244780032
1316138044144136192
1316137766560899072
1316137724974370819
1316137062475673600
1316136928819900416
1316136734892191744
1316136343496323073
1316136338131955719
1316136261673873408
1316135787394723842
1316134833769385985
1316134082435141632
1316133123373948928
1316132808633450497
1316131284536754181
1316130558729101317
1316130537971560453
1316129863154114562
1316129787082018816
1316128826368245760
1316128553902243841
1316127795219763201
1316127538603847680
1316124745453252613
1316124641182720002
1316122923434864640
1316122767402573829
1316122351306592256
1316121948301262849
1316121416597725184
1316119996813123590
1316119341994254337
1313569772332875776
1316117222985670656
1316117004739211264
1316116721317576704
1316116315686359040
1316116048471564289
1316115640500056067
1316115451961843714
1316113633571557376
1316113523055955971
1316113394768830464
1316112429194117120
1316111282261688320
1316110845395398656
1316110691405893634
1316110450841526272
1316110280548589570
1316110236877500417
1316109394665304066
1316109060907835393
1316108691725332480
1316107738494234624
1316105234960150528
1316104496536334336
1316104287173382144
1316104186895900672
1316104007174303746
1316103904933875712
1316103777229864960
1316103757311160320
1316103698016337921
1316102909709484032
1316100876998770693
1316100851296018434
1316099971263991808
1316099879668654080
1316095986314489856
1316094353778126849
1316093764138684417
1316093351054041088
1316092618028146688
1316092278390153216
1316092270630842373
1316091351621079040
1316090644667006982
1316090548084641792
1316089528189415425
1316089402897170434
1316088162863677440
1316088150607892486
1316087933053603840
1316087807312527360
1316087481633304577
1316087386179358721
1316086109215117313
1316085658507599873
1316085624223473667
1316084763569119239
1316084055063040000
1316084024201289729
1316083677600776192
1316083560198148098
1316083345067999234
1316082960458604544
1316082913180438533
1316082873741565960
1316082558820642823
1316081121642377217
1316080895820922882
1316080833447505921
1316080070583296001
1316080064551772160
1316079731134128128
1316078269792362496
1316077448669192192
1316076589675761669
1316074256308994049
1316072205466255362
1316071345810272257
1316070820825841664
1316067205373661190
1316066513489719296
1316065894959702016
1316065591027994629
1316065418134650883
1316062838788509701
1316061533856620544
1316061444157431811
1316060956913545216
1316060848155230209
1316059957494788099
1316059742792486912
1316058989637951488
1316058425307156481
1316058304095846400
1316057923286700033
1316057542775119874
1316057391683702784
1316057390563815425
1316057275237314562
1316056230448648193
1314225152679346177
1316055952714588167
1316055656449765377
1316055610207633408
1316055429051424769
1316055260742537216
1316055035587878913
1316054649468678145
1316053892715573248
1316053187695046656
1316052792600145920
1316051641012019203
1316050981168308224
1316050943419576321
1316050742411747330
1316050685834727425
1316050328588935168
1316050064129830915
1316049969028247553
1316049950384386048
1316048317223239682
1316047847297552386
1316047815198507008
1316047532623974400
1316047281611829248
1316046861694832640
1316046380440354816
1316046039112183808
1316045890012946432
1316045116931551235
1316044683571650560
1316044571420299264
1316043886599393282
1316043021960519681
1316042820877275138
1316042040266940427
1316041263271956481
1316040197797146624
1316039866996588546
1316039621382471680
1316038065262080000
1316038028704452609
1316037981036183552
1316037399848181762
1316037297419083784
1316037245388947456
1316037231144955905
1316036826499604481
1316036814046728192
1316036630994706433
1316036342116122625
1316036190970077184
1316035875541839872
1316035738518003712
1316035724337127426
1316035051507912704
1316035017055694849
1316034540226314240
1316034264878768130
1316033289359032327
1316033170576297985
1316032930498572292
1316032870226579456
1316031332552773633
1316031259131424768
1316030806264090631
1316030647287402497
1316030580451024901
1316029899598000130
1316029898255892480
1316029556663349250
1316029500547768322
1316029392133320706
1316027316661755906
1316027213293056001
1316027110234841090
1316027048196861952
1316026934258671616
1316026139849093126
1316025727767113731
1316025708213272577
1316025371641348101
1316025254607687686
1316025209938300931
1316025127604121601
1316025043613171719
1316025035174289412
1316024529592827909
1316024404329947147
1316024396364963840
1316024388311945218
1316024250856136707
1316024070723391488
1316023637128876033
1316023439870754817
1316023202326355974
1316022984386076678
1316022875548119043
1316022162960969728
1316022158670262274
1316022054848663558
1311399074210418689
1316022002415620096
1316021475254575106
1316021228239417348
1316021163101835264
1316020375684177920
1316020311834292228
1316019413510844416
1316019359098101761
1316019298314321921
1316019076762750976
1316018797912834048
1316018701804560384
1316018492215226368
1316018060256444417
1316017956594180096
1316017737034944513
1316017578221813763
1316017202047328265
1316017148687388672
1316016920450093058
1316016642502008835
1316016111784132608
1316016101591973890
1316015920284758018
1316015849157750786
1316015716311523334
1316015680219574272
1316015565241085954
1316015450333954048
1316015397238312962
1316015244452397061
1316014825441431553
1316014626228772864
1316014396980654082
1316014371806429184
1316014258165968898
1316013105428733952
1316012645468626945
1316012465713373186
1316012236138139650
1316012144358383617
1316011910324801536
1316011540256944131
1316010470151577602
1316009001520250883
1316002563930632197
1315997186338029574
1315994543653875713
1315994091004416002
1315992114354958338
1315987571478913027
1315987196214607872
1315986797906731008
1315980885859201027
1315980574092333056
1315980200518324224
1315980016933535744
1315975201872580608
1315947660575113216
1315946744660795394
1315937486397464576
1315936772916994058
1315935601015873537
1315933564274434048
1315932064990949379
1315931566321922048
1315930842795929601
1315930686054821888
1315930305207963648
1315929571682914309
1315929070148947968
1315925866485080065
1315925815138291712
1315925385679384576
1315925322626334720
1315923913688440837
1315923797493518336
1315922936109297665
1315922795403128832
1315922498429493249
1315922161740271616
1315922065879265280
1315921044713037825
1315919670482927616
1315918937939308544
1315918093726736384
1315917581937639426
1315916694125260800
1315915357257777152
1315914336074956802
1315913810847297536
1315913679150477314
1315913570152923136
1315912881821511680
1315912864998326272
1315912514958315520
1315912504963334146
1315911019332546561
1315910982678401024
1315908882363944960
1313569772332875776
1315908711202852864
1315908511155462145
1315907743807664129
1315906707764043777
1315906631025127424
1315905758047940608
1315905275254042624
1315904598230536193
1315904088098234370
1315904011292139526
1315903897798668288
1315903757280923648
1315902913475092480
1315902840590794752
1315902787834839040
1315902758986240000
1315902253715402753
1315901222226849792
1315901085140221952
1315901064411975685
1315900537573961728
1315899901960769536
1315899890510131200
1315899442827005952
1315899441417658368
1315899170301992960
1315898852184977408
1315898380221112322
1315898327993524225
1315898233412087809
1315897961352622081
1315896586023526400
1315896235543400448
1315895888183615489
1315895661074755586
1315895613343576064
1315895298267459591
1315895179270918144
1315894825544228865
1315894667419029504
1315893792407388160
1315893267129483264
1315893199102242820
1315893065207476225
1315892808549494784
1315892640228028417
1315892451157004288
1315892054723948544
1315891920862769152
1315891827866849280
1315891492905463810
1315891397707300869
1315891379361505280
1315889769478606848
1315889656697765891
1315889525495943169
1315889419069476865
1315889371522846720
1315889203427897344
1315889015544066049
1315888816796758016
1315888740301185025
1315888636705947653
1315888321541877760
1315888235348783104
1315888206944976896
1315888124069724161
1315887933690314752
1315887850110545921
1315887435574697985
1315887329928642561
1315886934867181568
1315886908103249920
1315886379365093376
1315886120736043020
1315885688173129729
1315885638072197120
1315885151692500997
1315885079843930112
1315884880782405633
1315884775899496448
1315884723130884096
1315884714264276993
1315884686065926144
1315884681116741632
1315884546882142209
1315884352010694656
1315884311669809152
1315884218950578177
1315884206032125952
1315884155050307584
1315883927605714945
1315883747024285696
1315883508016066560
1315883370925223938
1315883287890604032
1315883286892339202
1315882813628055552
1315882808313692160
1315882708594241536
1313569772332875776
1315882644295483392
1315882599122898944
1315882575420944385
1315882562355523584
1315882216543715333
1315882203340058626
1315881932593393665
1315881869020364801
1315881601633456129
1315881577562472448
1315881517340479488
1315881338679906305
1315881115719270407
1315881085109186560
1315880911628644352
1315880878434779137
1315880877923037184
1315880169547079680
1315880011270746112
1315879955843121154
1315879934766661633
1315879540405788672
1315879499494551553
1315879387611439112
1315879236075311105
1315879073596542976
1315879065065152512
1315878932097437697
1315878657412526081
1315878598037901312
1315878244130992128
1315878193631383559
1315878159791935489
1315877888181190657
1315877809277947904
1315877672086503425
1315877599218860032
1315877560803307520
1315877541983457281
1315877521083248640
1315877496450056193
1315877495967805441
1315877474216091649
1315877268741214209
1315877171555168258
1315877092014215168
1315877053019967490
1315876749276639232
1315876667886190592
1315876628652871680
1315876554992427008
1315876502228144128
1315876375128158208
1315876357566394369
1315876335848501248
1315876253275095040
1315876108814999552
1315876072697724931
1315876056373526529
1315875909308682240
1315875899280158720
1315875849518944256
1315875838072479744
1315875802131570688
1315875770666016769
1315875751384604672
1315875745462353920
1315875557968502785
1315875530965614593
1315875526054236160
1315875421120917504
1315875406185205761
1315875380734177280
1315875199649103872
1315875119856640000
1315875006807707649
1315874930085359616
1315874912356032513
1315874854546165760
1315874726254764032
1315874616951418894
1315874609229684736
1315874429906419714
1315874398520262657
1315874367197208576
1315874323450691584
1315874300759482373
1315874272544354304
1315874192244568065
1315873935905488898
1315873911624675328
1315873609991192581
1315873559353405440
1315873480185974784
1315873472929652736
1315873397285351424
1315873270621765633
1315873222013919233
1315873208537673729
1315873031206576129
1313569772332875776
1315873012185542656
1315872967830757376
1315872556688105472
1315872522038984704
1315872447032328194
1315872414471983104
1315872397866668032
1315872310646255618
1315872002305978368
1315871677310332929
1315871398909284354
1315871282580221953
1315871196445958144
1315871195829424128
1315871173549334528
1315871090703568896
1315870758443212800
1315870734254653440
1315870552276443136
1315870512124289025
1315870052000784384
1315869798908256258
1315869716641128449
1315869465263837186
1315869241287954433
1315868862278242306
1315868861716197376
1315868579632275456
1315868333686714368
1315868271699087361
1315868198210801665
1315868074021515265
1315867844849160193
1315867700514574336
1315867655971188736
1315867449850499073
1315867385505619968
1315867250872578048
1315867061202149377
1315866748953014272
1315866538570919938
1315865975640649729
1315865609746350088
1315865109923651585
1315864932118867969
1315864119208099841
1315864049398276096
1315863859056394241
1315863746762465280
1315863464515002368
1315863359040950278
1315863320105279489
1315862796291182595
1315862725004845056
1315862563012321280
1315862398348210176
1315862236217380864
1315862113160630274
1315862051336589312
1315861894226345984
1315861833845071874
1315861665401827328
1315861476075171841
1315861091700953089
1315860314735378432
1315859038039674880
1315858883123056641
1315858050184613894
1315857849927565313
1315857281783918592
1315856670413684738
1315856655993757697
1315856108121194496
1315855814461136896
1315855563985575936
1315855254672429056
1315854936262017027
1315854641511399424
1315853921156567043
1315853903582257154
1315853458478596098
1315853237879103488
1315852375962390528
1315852211289755649
1315851945395974144
1315851553589342214
1315850051802009606
1315850000224710656
1315849417782681600
1315849056200073216
1315848786867105797
1315848121952346112
1315848099785474048
1315848032336871424
1315847563338223616
1315847112630833152
1315847098668122112
1315846512744701952
1315845872371068928
1315845821640957954
1314225152679346177
1315845645496979457
1315845244181786626
1315845017072623617
1315844900252909568
1315844800822702080
1315844765338853376
1315844176865644549
1315842929609510913
1315842772516007936
1315841360470200322
1315839822897045504
1315839720845307905
1315839281424990208
1315838905439186944
1315837739380637696
1315837732703395842
1315837678672375813
1315837663375765504
1315837522006556678
1315837323565727745
1315837035895304197
1315836540795392001
1315835433050398720
1315834836553207809
1315834074234327040
1315833395138777088
1315832790202679296
1315831065890697224
1315831009334755328
1315830414729269248
1315830317509496832
1315830104535322625
1315829572756275210
1315829570290044928
1315828475115208704
1315828082142478337
1315827649214926849
1315827261111635968
1315827137631272965
1315826905472434177
1315825934927310848
1315825800172777473
1315825578042445825
1315825249271898113
1315825098696396800
1315824972036796416
1315824947391008768
1315824922976022528
1315824599511240709
1315824595702865922
1315823628295065601
1315822340605915137
1315822310838935553
1315822158497681408
1315821054305107968
1315821027423916032
1315820420315123712
1315819788007075840
1315819494300884992
1315819260967620612
1315819127685156865
1315819116045967360
1315818913347907585
1315818758930194432
1315818644409126912
1315818596220637186
1315818045630275585
1315818013384470529
1315817827408982016
1315817823734763520
1315817533803462661
1315817498483326977
1315817268526419969
1315817087026241536
1315816960211460097
1315816597240655872
1315816234605309953
1315816158747131949
1315816123334561792
1315816089754972166
1315816019982716930
1315815933370224641
1315815744060428289
1315815189434916865
1315815051073384449
1315814705143967747
1315814254096846848
1315814224736722945
1315814020604137472
1315813817666940928
1315812797624836096
1315812577142689792
1315811989797638144
1315811839733829653
1315811261851086854
1315807145535864834
1315805148325838848
1315799034066546695
1315796732056350723
1315795784969850881
1315794158423027712
1315793424625303554
1315792883069444096
1315791762225393664
1315791328354070529
1315791110170537984
1301587465258577920
1315788973340581894
1315788176082915328
1315787491891437568
1315786960187912192
1315786623540441089
1315786512915668993
1315786222254673921
1315782542033731586
1315781546327134208
1315781207259590664
1315781156101484545
1315778505825714177
1315776227668566016
1315774767992111107
1315774450994823168
1315773156389523456
1315768286014042119
1315767857901264896
1315767593706242048
1315766387223060481
1315765715090186240
1315762984011038720
1315761904657338372
1315761555808505856
1315761103562059777
1315760879149948929
1315760639550402561
1315760530141839360
1315759978083385351
1315759719353548801
1315759266582736897
1315759092384903169
1315758521170956288
1315758194325684229
1315758049144049667
1315757764568907776
1315757471617748997
1315756124633657344
1315756068354641923
1315755900959895552
1315755194098036737
1315755129707077632
1315755084257677312
1315754476922376206
1315753898121089024
1315753534583967746
1315753276680343552
1315753116575453184
1315752993309028353
1315752609802842113
1315752601607049216
1315752089394376705
1315752038886600704
1315749367735873536
1315748409941405698
1315748124997103616
1315745802451468288
1315744369303982080
1315744109433245698
1315744000146513920
1315742101821222913
1315741958153920514
1315741164507721737
1315740955891453953
1315740164262686721
1315739884158685185
1315739540057927681
1315738133246275584
1315738086739832832
1315737173421780992
1315736794386685953
1315735177625300993
1315733957426638848
1315733284438056963
1315732304422219782
1315732242946113536
1315731176305246208
1315730452859084800
1315729269801312263
1315729259688800256
1315728956075671558
1315728282441089031
1315727638980427782
1315726884458704898
1315726227215388674
1315726006934622208
1315725203775852550
1315725144074137604
1315724473664860160
1315723686914281472
1315722566229618689
1315722449263169539
1313095827615821824
1315722297135824897
1315721799074807809
1315721551648567297
1315721239487377409
1315720995102175235
1315719605437034497
1315718332050481153
1315718233111113734
1315717820374679552
1315716653896724480
1315716416650260481
1315715747100782593
1315714388507140101
1315714360057245697
1315713852370284544
1315713659314692097
1315712392920137729
1315712282668613633
1315708959920132097
1315707300196290560
1315705687989727232
1315702315077099520
1315702273398378496
1315701753409613825
1315700152443850753
1315700091311861762
1315699453802708996
1315699303004991488
1315698953225146368
1315698401485508615
1315697578974081031
1315697273221849089
1315696787374567424
1315696311103037441
1315695752706838528
1315695446652850180
1315694890890661889
1315693642955268098
1315693593344925696
1315693494904778756
1315692948093317120
1315692740378800128
1315692487357407233
1315692304410304515
1315692273691168768
1315692228681977856
1315691548667973635
1315690913482629120
1315690737829212160
1315689465168396288
1315689361825030151
1315687548937666566
1315686655219597314
1315686562777182209
1315686393050476545
1315685016844853249
1315683737435336704
1315682872322220032
1315682732857610241
1315681990021177353
1315681744524390401
1315680503949819907
1315680218699509763
1315680208851267590
1315678805537820672
1315678130569383936
1315678089570123776
1315677821126225920
1315677250474442752
1315677009763328001
1315676885649682433
1315676664945414144
1315675603950022663
1315675466372509696
1315675217398702080
1315675179285176320
1315675139468488705
1315675090940354560
1315674894923952128
1315674883511119872
1315674847876390914
1315674632750534656
1315674517973409793
1315674259327520770
1315674221415194624
1315673986072801280
1315673831604920322
1315673426393214977
1315672066520211456
1315671428763590658
1315671103671599104
1315670978010255365
1315670829917765634
1315670715232903171
1315670693321687040
1315670647817859072
1315670470646095872
1315670258615631876
1315670157533028352
1315669766720241665
1313569772332875776
1315669215458795521
1315668803901153281
1315667430216261632
1315667194777423872
1315667161289945088
1315667154222620675
1315666992410615814
1315666268129722368
1315665973727223808
1315662344689577985
1315661816454950913
1315661136348483586
1315660561179439105
1315660104453234696
1315657810840113155
1315657653130072064
1315657176451407873
1315657132398706696
1315656427139072001
1315655462461861889
1315654130799648770
1315652505875804160
1315651966572408833
1315651937057079297
1315651813757128705
1315651667560407041
1315650870999158784
1315647317593280518
1315646489448845312
1315646357735178240
1315645198249140230
1315645093597020161
1315644015967195136
1315643510968717314
1315643359302688769
1315642929818603520
1315642928317038593
1315642398081536001
1315642044233256961
1315641696932167682
1315641372465008643
1315640183472230400
1315638218516123649
1315636140620341249
1315635086906339329
1315633962014961665
1315633236488445952
1315633231094599685
1315632792508735488
1315632777719689216
1315632548710674432
1315631454156664833
1315631183284391938
1315628855487533057
1315628696254865408
1315627559812501504
1315627163467632641
1315626084042518528
1315625223308402688
1315624488692846592
1315623938400100359
1315623116773654528
1315620394355757061
1315618031821885441
1315612200275521536
1315606862130282497
1315604386337492992
1315597581213368320
1315596748182745088
1315586096487636992
1315581243300483072
1315579860593577986
1315577090159374336
1315566093579288577
1315560402546286592
1315559535830999040
1315550172009562112
1315549247568334848
1315535060926259200
1315534302814240769
1315532645061799941
1315532423522742277
1315531466562969601
1315530259505319937
1315529866742239233
1315526887888711680
1315521620480491520
1315519771463626752
1315505296589062146
1315504146821320704
1313569772332875776
1315503704594739205
1315502116761489409
1315501546633797634
1315494289800081408
1315494093993238529
1315494036908601344
1315493756335017984
1315493476352491520
1315492085353648129
1315491819363467264
1315491183926288384
1315489816788656129
1315489725831163906
1315488281472229376
1315488084927025152
1315486544803790849
1315486198236839936
1315485370272808961
1315485071181254657
1315484821989318656
1315484727621701639
1315484468417835009
1315483878350622721
1315483199137550338
1315483148109729792
1315482829267046403
1315481436003033088
1315480739060707328
1315480712452042752
1315479607383068677
1315479459584073728
1315477384510939136
1315476664642605058
1315476250144788480
1315475180437688320
1315474594430693380
1315473999074336769
1315473400752635905
1315472511027601409
1315470520436109314
1315470171033808896
1315469956012597248
1315468565714137088
1315467304273051651
1315467214623969280
1315465543701340160
1315465530686439425
1315464205936410624
1315462949134241792
1315462927328178176
1315462313416163330
1315462051154755584
1315460824400498694
1315460458275631106
1315459090185965569
1315458928856055809
1315458197902290945
1315457934080442369
1315457514486587392
1315457135849992193
1315454949287919616
1315454151694974978
1315453448591077377
1315452971618975744
1315452300245241861
1315450552604454913
1315450374984208385
1315450081823391746
1315449605774077952
1315448437018632195
1315447041699377157
1315446119585939457
1315445181215387650
1315443500272345092
1315442619565117441
1315442045004193794
1315441625506643970
1315439825114333184
1315439058194182144
1315438789783957504
1315437180173660161
1315437033083473922
1315436160521560064
1315434779844792322
1315432130705580032
1315432040947421190
1315431398493302784
1315431057005719552
1315430333467299840
1315430096602386432
1315428416972300289
1315427305406296065
1315424952040984576
1315424053750972417
1315422804695810049
1315420910933942273
1315419353333084174
1315419210668027912
1315418849462939649
1315418193968721926
1313569772332875776
1315417634427592713
1315416799354159104
1315414952673509376
1315414699199135747
1315412073153613824
1315410670033293314
1315409204241457155
1315408410578485258
1315406735142793217
1315406439142154240
1315405665163239432
1315405450830114816
1315404755020263425
1315403984295866370
1315403474620874752
1315402885350514689
1315402322680311813
1315401595249725440
1315401327229321218
1315401317351919622
1315401167875313664
1315398731882205184
1315398413366841344
1315398393007669248
1315398044179890176
1315397740344602626
1315396847314247680
1315394611578376194
1315393661203558401
1315392810858807296
1315392579681148928
1315392311392718849
1315391215521673217
1315389861663256576
1315386462247038976
1315385637936062464
1315385051245285376
1315383806493421572
1315382218408169477
1315381994189017088
1315381226446884866
1315380629266214913
1315379437618094080
1315379133220900864
1315378334654586880
1315377426508079104
1315376831625719808
1315376686146482177
1315376650457018368
1315376159446761472
1315375737763897345
1315375622630203392
1315375505466511360
1315374024281776128
1315373721100587008
1315373444427583493
1315373054768435200
1315369108297453568
1315368983323787264
1315368051915792385
1315366018483712000
1315365610751229962
1315365001767591936
1315364703728664577
1315360990674984964
1315359583565684737
1315359171731169283
1315358654288322561
1315356862821400583
1315356178139033600
1315356020504506371
1315354665928753153
1315354582814519297
1315354169646161921
1315352269873975298
1315350895056412672
1315350029448683521
1315348766917095425
1315348565816995840
1315348358693900291
1315347816039034886
1315347415323553793
1315345340992827392
1315345201574170626
1315344899554893827
1315344172258406401
1315343788404092931
1315342711419928576
1315341291434065926
1315341042116448261
1315339104515756033
1315338655423225857
1315337984519090183
1315337642536505344
1315337505324126209
1315337026229735424
1315336739121172481
1315335846162247682
1315335561578598400
1315335271001591809
1314225119217287169
1315335165045084160
1315332715944849408
1315332567969734657
1315332328890212353
1315332291003121670
1315331679821746176
1315331270206001155
1315330648899493888
1315328955889713152
1315328489277530112
1315328191523770368
1315328149312409601
1315327137126273024
1315326681343639552
1315326239364861952
1315325770961739777
1315325306517872642
1315325024161525760
1315323824351707143
1315323274507833346
1315321961048928256
1315321082149244928
1315320444334026752
1315320072097816576
1315319163020341250
1315318982661021699
1315318092055171073
1315318043866738688
1315317199993741313
1315317185208868864
1315315675305570304
1315315642694737921
1315315489174892545
1315309538271096832
1315308267975905282
1315308113180983296
1315306739454091264
1315303463576907776
1315303386384920576
1315303207510261761
1315302077967499265
1315302026864025607
1315301218391072769
1315301038627475458
1315300799275315201
1315299928005054467
1315297740771995650
1315296853085360131
1315294231376867328
1315293822637748225
1315292729971277825
1315292529223520258
1315291389593354241
1315290483833344009
1315290249287864324
1315289099100618752
1315288149208244230
1315280271340711936
1315272641264201728
1315271415617261568
1315270905925435393
1315270653596008454
1315270044969062401
1315269926995755013
1315269378280239110
1315268000916922371
1315266864319062018
1315264761630797824
1315263145380896768
1315258854029037569
1315257841473777665
1315252168455262210
1315246006359990274
1315242030394748930
1315237783426932736
1315236038747406336
1315233670190362624
1315226262705586178
1315209211509342209
1315206635703463936
1315192661788315648
1315160780896169985
1315158074269728768
1315155593070551041
1315148978514788353
1315148664420012038
1315145342116139008
1315144229677604864
1315144109040992256
1315141147283595264
1315129871060922370
1315127790363013121
1315126245722591233
1315126016268886018
1315125244256907264
1315124647063515136
1315123767044177920
1315123192738930688
1315122728450633728
1315121519987617792
1314225152679346177
1315120474318225410
1315120063217840129
1315117277830881281
1315115982373834752
1315115668770099202
1315115210949177350
1315114495992242177
1315114319835693056
1315113082453196801
1315112953881006082
1315111906227761153
1315111213215428610
1315110496203407360
1315109233180979201
1315108948547047432
1315108154099879936
1315107763786149888
1315107583397638144
1315105877289054209
1315103628600979457
1315103371339141120
1315100631531745280
1315099966717792264
1315098280880230401
1315097312465760257
1315097094378545152
1315097040439832577
1315096124487761921
1315095601655226370
1315092366303297538
1315089116904722433
1315088191905357824
1315086120233758721
1315085192420360200
1315083951061585920
1315083238398996482
1315082021723680774
1315078702343114753
1315078647401775104
1315078409270317056
1315077830389178371
1315077044259094528
1315076710430388225
1315076495501451264
1315075447185694720
1315074576540266496
1315074129310040070
1315073785926750208
1315073740657565698
1315073678967599104
1315073278579441664
1315072970692472832
1315072395389005824
1315071211584532480
1315071125412487168
1315069320054046721
1315069269932154882
1315069013777620992
1315068080435982336
1315066624794390533
1315066513309790209
1315065796775870474
1315065085119746048
1315064459153506304
1315063515628142592
1315062620811079681
1315062340560314370
1315062318217142273
1315062250206494720
1315061623569162240
1315061467880726528
1315061407029788677
1315060877243092992
1315059933587664903
1315059858606043136
1315059140180414464
1315058773778747392
1315058646129225733
1315056390696701959
1315056359277170689
1315056341988278272
1315055779947442186
1315055172482076672
1315055043192721408
1315054895800766464
1315054044038270978
1315053095689355265
1315052620080242689
1315051570732564480
1315051162312286208
1315049725662564352
1315049098743967744
1315048440229965824
1315048368062652417
1315047788279861248
1315047258480676865
1315046399289905152
1315046258663403520
1315044554614149122
1315044235217788928
1313569772332875776
1315044188296228865
1315043658866008064
1315043229109166080
1315043192144834562
1315042687326851078
1315040904395325442
1315040583195467776
1315040074988498947
1315039145589260288
1315038545912967170
1315037880377516032
1315037566832312321
1315037381825888256
1315035360976662529
1315034855541891072
1315032206151122947
1315031592117698560
1315031427730288642
1315031354057330691
1315031244648919041
1315030352239439872
1315028046232137728
1315027347335262209
1315024321723731970
1315023159649882112
1315021965086744577
1315021579772977160
1315020823166627848
1315017748322217984
1315014395966103552
1315013653666689024
1315013584133349376
1315013465380196353
1315013213696798726
1315012831683776512
1315012825681522688
1315012608882290688
1315012534240530439
1315012340149104642
1315012243650641923
1315012147479490566
1315011931816722432
1315011827978440704
1315011578954240003
1315011507567161344
1315011188741279751
1315009184459558920
1315008447125962752
1315007893536739328
1315006844746821634
1315005554020950017
1315005208938700801
1315004912409870336
1315003903168122880
1315003432424669188
1315002614069620736
1315001649748992000
1315000940630609920
1315000856568160258
1314999877882052609
1314998648653205507
1314997101579784192
1314996663992291328
1314996587022610432
1314996548556660737
1314995797398781952
1314995628787691520
1314995621875585024
1314995235068547077
1314994535907299329
1314994339022434304
1314991559692021760
1314991286240378880
1314990985751924736
1314989962320896001
1314989479006879744
1314988329088307200
1314987191689449478
1314986481669279744
1314986082971385857
1314984730438361088
1314984317840355328
1314983796492570626
1314982885221306368
1314982601761984513
1314982291437842434
1314982166514872320
1314982027582611456
1314980923553665025
1314979493010968577
1314977991710121984
1314977081449611265
1314975987428405249
1314975488742486016
1314974690860040194
1314974497938706432
1314972010464845827
1314970668061032448
1314970249654136833
1314969921583890434
1313095831495553024
1314969152369709057
1314968810429050880
1314968483755687938
1314966097070829568
1314963483159654406
1314962968044433408
1314962739513700353
1314961615603761161
1314960374039543809
1314959063898300417
1314958431107850241
1314956261717282818
1314955804261281792
1314954835729448960
1314954471928205313
1314954388553830400
1314954294546829313
1314954252817698824
1314953823119532032
1314953217411694593
1314952930680766465
1314952706168107009
1314952381541556224
1314951728681365507
1314951513836380160
1314951477106892800
1314950446428106754
1314950409950199808
1314949617977618432
1314949514407694343
1314949456874401795
1314949427539308544
1314949120306622471
1314949012714381313
1314946464389443584
1314940441373093888
1314938414169501697
1314937157845475330
1314937028383997952
1314936408667156481
1314936407681507329
1314935222375510016
1314933412965171200
1314932887783866369
1314932308105924608
1314931003253686272
1314929889829560320
1314929289805139969
1314928406769917952
1314928287609581568
1314927750814281728
1314926544930959360
1314926516514377730
1314925919614640133
1314925873678577664
1314925409381818372
1314925034876485633
1314923933213155329
1314923251320139776
1314922891004334084
1314922790273708032
1314922636825235456
1314921087025786880
1314920755298209794
1314919464001966080
1314919328035282944
1314918034667196419
1314917573386006528
1314914770861142016
1314914442069630978
1314914317100343299
1314914023570276353
1314913697144483841
1314913498871275521
1314913432676823040
1314913036914884608
1314911954629263367
1314910383375818753
1314908536757981185
1314908437868957697
1314907218022629376
1314906906897584132
1314906648620695554
1314905201103589377
1314902225941073924
1314901114089807872
1314900759906000897
1314900262679654401
1314899757551308800
1314897513095278592
1314895699746664454
1314895477310197761
1314895021934604290
1314893722841161730
1314890219695595520
1314889014495846405
1314888573531885570
1314887047363133441
1314886743741681665
1314881852776341513
1314225152679346177
1314880599379898368
1314877468340375552
1314872992095236096
1314858950416883723
1314845183591157761
1314844911150133248
1314840167891361792
1314839984071794688
1314834375310225408
1314833139483672577
1314831508390076416
1314827405014466560
1314826407713943553
1314826344371556352
1314826011461197824
1314824632323780608
1314818928128921600
1314807855753519104
1314802572037959681
1314800547715661825
1314798008022704129
1314797908206579712
1314797538491461634
1314797376079446016
1314796103171289089
1314794796360187905
1314794402984927232
1314794383745511424
1314793729169920005
1314792790371569664
1314791767087157276
1314788450827075584
1314787518643138561
1314786812443979776
1314786746056544256
1314786676582027265
1314784376002088960
1314782803184283648
1314781896786796545
1314781377867505664
1314777683516100608
1314777320406888448
1314776437837103109
1314774272368357377
1314774009272131584
1314772537553846272
1314771424192729088
1314771394241077249
1314770379555176451
1314770162374119428
1314770085110788096
1314769040741740549
1314768729075601409
1314768441451204608
1314768317891002368
1314767506394034182
1314767114922848257
1314765321299996672
1314764305489891336
1314763750013104128
1314762922535645184
1314762869121011713
1314762236389470208
1314761609731076101
1314760778805923842
1314760462777679874
1314759958311759872
1314759343770828800
1314759151428554752
1314757731031683072
1314756789460701185
1314756423281188867
1314756307665158145
1314755979733499909
1314753794442432512
1314752737423261698
1314751779821805568
1314751622703128578
1314751469787197441
1314750101168877568
1314749559260672000
1314749024776273920
1314748225480392705
1314748020257423360
1314747423789588480
1314746790348902400
1314746681355886592
1314746182837694467
1314745737633239040
1314745582632615936
1314745042842669056
1314744951725600768
1314744867013054465
1314744647944744961
1314744205043011587
1314743971646636033
1314743817912762369
1314743726548422657
1314742310811308032
1314742018216808452
1311399074210418689
1314740897934987268
1314740301324587010
1314737841809879040
1314737560644706306
1314736531714781184
1314736005786738688
1314734995450126336
1314734536169644033
1314734100394070017
1314732055335501830
1314731318354141186
1314731136665485312
1314731111805665281
1314730853025546240
1314730812500176896
1314730768556601344
1314730567540195328
1314730096343896065
1314729724753653760
1314729322150858758
1314729261366870018
1314728621408428032
1314727703472467968
1314727340791005184
1314726608478011396
1314726553461293060
1314725764038787074
1314724655475945472
1314724351317401602
1314723406940700672
1314722554020597762
1314722496990441472
1314722290983026689
1314722217935228929
1314721646410829824
1314721522129408001
1314721162035748865
1314720802848165888
1314720772775202816
1314720269152419840
1314719974129360896
1314719431528984578
1314718788546441216
1314718728429268992
1314718397834223618
1314718309489823751
1314717825798373376
1314717161206820868
1314715019150532609
1314714398905241600
1314713930577719296
1314713605401726977
1314713343798714369
1314712867380305925
1314712567663792137
1314711870666764288
1314711490658590720
1314711081164603392
1314710613726162944
1314710470234902528
1314710293004525568
1314710210716602369
1314710116458004485
1314710093674344448
1314709901353000960
1314709799628681219
1314709647052304384
1314709494622875650
1314709413651984385
1314709402566356992
1314709385931894785
1314709286241665028
1314708714054578181
1314708545741307906
1314707909583024128
1314707726103179269
1314707499694649344
1314706973540179969
1314706701468094465
1314706139498442754
1314706036557836290
1314706028437491714
1314705503990276096
1314705367037812738
1314704735237267457
1314704705407287296
1314704263424233474
1314703938088648705
1314703810166546437
1314703336260562944
1314703125979095042
1314702938158313473
1314702827009187840
1314702816347185152
1314702516748197889
1314701900969734148
1314701497150529536
1314701323078639616
1314701142492930051
1314700445739175938
1313569772332875776
1314700356476002304
1314699368608362496
1314698329570197505
1314698246418292736
1314698062774722561
1314697174635208704
1314697042665635845
1314696854710505472
1314695937604775936
1314695824966848516
1314692764534095872
1314691227674005504
1314690658813251585
1314689548908195840
1314689305059749893
1314687385343594501
1314687359552811008
1314686881406300162
1314686373757104129
1314686049168306176
1314685946097528832
1314685865977929728
1314685535852597249
1314685207589662720
1314684795683823617
1314684450421301248
1314683550608826369
1314682651656294400
1314682358906474498
1314681878155329537
1314681663520157702
1314681587716546562
1314681212359892992
1314680634091073536
1314680428566020098
1314680423423729664
1314679472310886401
1314679049235697665
1314678823229829120
1314678546409943041
1314678463610019840
1314677461041524736
1314677415030018051
1314675976014622720
1314675636649295886
1314675207853027328
1314674611209019394
1314674267968147457
1314673638533079040
1314673332399173632
1314672958334406656
1314671915890610176
1314671029462142977
1314670977305858049
1314670771034296323
1314670455501058051
1314669781354786818
1314669750715387905
1314669388952461313
1314669010215227394
1314667997122846721
1314667943121346561
1314667624748310528
1314667150901116929
1314666828761837574
1314666319552417792
1314665793108533248
1314665581937819655
1314665531975372803
1314665400148295686
1314665192870027275
1314664930474364929
1314664727553830912
1314664265052303361
1314664088497086464
1314663902328823814
1314663816702107649
1314663405559701509
1314663174541635584
1314662860195323906
1314662438588080132
1314662270002237440
1314662235101429760
1314661493225467908
1314661180305141760
1314661105210404870
1314659021559824384
1314657472288886784
1314657025343791105
1314656725576937479
1314656307572617222
1314656144158228481
1314654340418805762
1314652968008986624
1314652773053464577
1314652727327125504
1314652559026483200
1314652466571476993
1314651524732203014
1314651327125839874
1314225119217287169
1314650804108763136
1314650471953358848
1314650432774443008
1314650251848949760
1314649840010264576
1314649566218645505
1314649443405365250
1314649252677578752
1314648647028539392
1314648632105275393
1314648227363217408
1314647838727561217
1314647591666282497
1314646550052732936
1314645667797757952
1314643542699126784
1314642896100962306
1314642000562417664
1314641417361264641
1314640770792476677
1314638489946734592
1314638235935547392
1314635426586595328
1314634101312221184
1314633104410185728
1314627151606423553
1314625282716860417
1314623899607404552
1314623092606431233
1314619990738436098
1314618097416822784
1314611824407519233
1314608619275591680
1314608358918361089
1314606691074400258
1314606543183069184
1314605281104412672
1314605155887710209
1314603884292308993
1314602512473829378
1314602444152864770
1314600991787036672
1314600664840904704
1314599178299994112
1314598151450492928
1314597435440795649
1314597024675885056
1314593132001062913
1314589133076000769
1314581998393077760
1314580690499973122
1314580013111537666
1314579892751806464
1314579430925271041
1314572417558286339
1314572289321517058
1314570685650481152
1314569797670232068
1314566605800722437
1314566036188852226
1314565280962621447
1314564960513646593
1314564634792398853
1314563910343761923
1314563655661424643
1314554520479756288
1314553747289313365
1314553680440578053
1314553101085544451
1314552851583049728
1314551134086930433
1314548687352233989
1314546418598711298
1314545054648762370
1314544452954779648
1314543784399642625
1314541612811386883
1314541550362333187
1314541269742497793
1314540398778429441
1314540042149388292
1314539668973658112
1314539508495462405
1314539164612923392
1314539049277947905
1314538832914780160
1314538774865629185
1314538527393185795
1314538080641183744
1314537833244307461
1314537113166245889
1314534870132166659
1314532391608897536
1314530902244913152
1314530690080309248
1314530624460541952
1313095827615821824
1314530521330913280
1314529446393716737
1314528860982054914
1314527805644828673
1314526947721052161
1314525857915064326
1314524426533208064
1314523041930473473
1314522806009442305
1314522323228258304
1314522176054329344
1314521721811152896
1314520690247303168
1314518630265225217
1314518527039004672
1314518252932997122
1314517998900838401
1314516464997728258
1314516450338656257
1314514634733363200
1314506279730270208
1314505184429645829
1314504417350217729
1314497480889823232
1314496655727624193
1314494047612882944
1314493520099659777
1314492603983855616
1314490224962084864
1314488596532006912
1314482909135470593
1314480660690751494
1314479963597352960
1314473432873140225
1314472039001055234
1314468807830695936
1314468419027136512
1314463626066042883
1314461685126627328
1314460768629186563
1314460027285979137
1314454966447210497
1314450765445038086
1314450115252289536
1314449877104054272
1314448992911015938
1314445925444509698
1314445434333478913
1314444429696987137
1314440375365300226
1314436899772211207
1314433704400498689
1314432326949113859
1314432206106963968
1314431267451142144
1314427481894645760
1314427279129350145
1314426992020709376
1314425990160936961
1314425596835893248
1314425323941814272
1314423511276953600
1314422787516166144
1314418866580262912
1314417538521092097
1314416903834615813
1314416399176138760
1314416088676007937
1314413210762719232
1314408913916383236
1314407171010879488
1314402878874935296
1314401573083250688
1314401382766571522
1314401026644951040
1314400334538698752
1314399399024504839
1314398983272325121
1314396584361234433
1314396235768508416
1314394516493873153
1314393002153070592
1314391374528163840
1314390929881673733
1314390716034904064
1314390311863488512
1314389594926977030
1314389565843607553
1314387518952013826
1314386149247340544
1314385896205176832
1314384552039780352
1314384235713777665
1314384188750135296
1314381107647975424
1314381024051200001
1314380938558803969
1314380801891590145
1314380680307126273
1314380317000495106
1314225119217287169
1314380003719680001
1314379354328248327
1314379335772573705
1314377322506715141
1314376965546102784
1314375218304086016
1314374771065458694
1314374027704635393
1314373697600401408
1314373659675557891
1314373436270161920
1314373264156889091
1314369188060954626
1314366711924240384
1314363534676037632
1314362825108860930
1314362291211702282
1314361771839426562
1314361357026963456
1314356467936489472
1314355949596037120
1314351906333036544
1314351626455584768
1314351108165431296
1314350759866228736
1314350623752704000
1314350117525299201
1314347566616793089
1314347365671809024
1314342983660040192
1314339629319942144
1314338902707142657
1314338401118691328
1314338323683569664
1314338065834553350
1314337918257856513
1314337590196142080
1314337400714338309
1314337183336202241
1314336939277979651
1314336763276648456
1314336718405939205
1314336574939762691
1314334234882969600
1314331631834918914
1314330161987420162
1314328718588944384
1314328682568339456
1314328224801992712
1314328159471501312
1314327770529509384
1314327341657620484
1314326076991049728
1314325877786775552
1314325744416288769
1314325486558830593
1314325427758927872
1314325375237812224
1314325256497233922
1314324134650875906
1314324036055445507
1314322817765330951
1314321191146983425
1314320511267209218
1314320224410361858
1314320181028687873
1314319413399769089
1314317745698287618
1314315814246416384
1314313604246704128
1314312257187139586
1314311484516773894
1314310497152495616
1314310011502370818
1314309729598926848
1314309362479960064
1314309324177580033
1314308568879976449
1314308525430960129
1314308326876946436
1314307047018524672
1314306260259479562
1314305993128452107
1314305263214628864
1314304975321718785
1314304750914019342
1314304639194415105
1314302435062673408
1314301616548458496
1314301578417852416
1314301500596854805
1314301145536294912
1314300877755252737
1314298105601372162
1314298016535379968
1314297767418830850
1314297631603130368
1314296922312761345
1314296618670268429
1314296599745527808
1311399074210418689
1314295982021111809
1314295938765201408
1314295888026705933
1314295401135173642
1314295083693268992
1314294389473193984
1314294360649818112
1314292915418660865
1314292310079930369
1314291965706539015
1314291289165303808
1314291280604692481
1314290775492976640
1314290230069989376
1314289766498615297
1314289397198721025
1314289075914899456
1314287857381437442
1314286531117490176
1314286508283621377
1314285682370641920
1314284618724651008
1314283928698658818
1314282900947374081
1314282397752602624
1314281867458367488
1314281728890925056
1314279199994269701
1314279126753189888
1314278962948911105
1314278857084731392
1314278605405396992
1314278533942800384
1314278119105155072
1314277963194658816
1314277131824791554
1314277104800993281
1314276948483268608
1314276783307411456
1314276452322488323
1314275498244009985
1314275470255558658
1314275324474130438
1314274659416895488
1314273829624176641
1314273367374127104
1314273084589907969
1314272197586882562
1314272017479204864
1314271372764344321
1314270585141170176
1314270398104576000
1314267458681933828
1314267224035586048
1314266440665632770
1314266341264691200
1314266053057241088
1314265152678703105
1314265081987903497
1314264241638121474
1314264189767090176
1314263826695622659
1314263647770701824
1314262808457031681
1314262561379037186
1314262545453273090
1314262399084494849
1314262317207564294
1314262301873074176
1314262145845129218
1314262119064326144
1314261938977767426
1314261612560293888
1314261536748208131
1314261520100945920
1314261123286405123
1314260920558735361
1314260476033990656
1314259908913758209
1314259834720735233
1314259646878806018
1314259336831664128
1314258780004200448
1314258578593718275
1314258392500899840
1314258038451253255
1314257837607002112
1314257737216413698
1314257658988421122
1314257575836291073
1314256175228227589
1314255582556311560
1314255211276443653
1314252864517152768
1314252782535401476
1314252486715342851
1314252435397910528
1314252284306558979
1314251306291261440
1314250071156948993
1313569772332875776
1314248862912004097
1314247767506644992
1314246748269928450
1314245131621539841
1314244899294908418
1314244357147504641
1314244098258239488
1314243471016947714
1314243050823180288
1314242294002913286
1314240987686989825
1314240182414192645
1314239047351578625
1314238928774283265
1314238799862534145
1314238725715419136
1314238557368844289
1314237654066700292
1314236498095603712
1314236402897387520
1314236327500615681
1314236227072208903
1314235858124505088
1314235813253861378
1314235357857275906
1314234745572806656
1314234500683948034
1314234081404768257
1314233531338493955
1314233240635535360
1314232063239884801
1314231154757849091
1314230028973019137
1314229131693953024
1314228950709661696
1314228832761716736
1314228664603684871
1314227638483906562
1314227508707958785
1314227105907970048
1314226811908231168
1314226680475516928
1314226079494668289
1314225721636655105
1314224033911566336
1314223482180374528
1314223388878008326
1314222383654338561
1314221964467277825
1314221793071124480
1314219229110034435
1314219202341994496
1314218404463607808
1314217427853627392
1314216928966139905
1314215790267179013
1314215687662055424
1314215012756455430
1314212796893077506
1314212383951257606
1314212237330972673
1314211803497332746
1314211133729902597
1314210817315749889
1314209678889369604
1314209399569698817
1314208277094264837
1314208205182955525
1314206101072560129
1314204568599715843
1314203480454701057
1314202769977344002
1314202029343072256
1314200430415507462
1314200363709476865
1314198973456867328
1314198308039069696
1314198284508913665
1314198148332638208
1314197686275518464
1314197159609155584
1314195109869744128
1314192392342306816
1314191776467562496
1314186473416073221
1314186343245910019
1314186341836562433
1314186298995994625
1314186217441853442
1314186090648088576
1314185252538134531
1314184593893994496
1314183088956674051
1314182997621583877
1314181963222319105
1314179204863459328
1314178333979160576
1314177324611325953
1314177117228134400
1314176828425338886
1311399074210418689
1314176525621747713
1314169617242189824
1314168883624976388
1314165625506402305
1314163729228091393
1314162474007093256
1314161594725740545
1314160688210870277
1314160310677319682
1314157543384592385
1314157015711744000
1314156874900570112
1314156670029910016
1314156431021613057
1314151101793480704
1314151070906626048
1314150928677826561
1314150495875891200
1314145533150208001
1314145206653071361
1314145034648731649
1314137614329556992
1314135850662453248
1314126104324698117
1314117197527220225
1314110221141368833
1314102510651502592
1314093349821845504
1314087253656829952
1314086240736567298
1314085814087819267
1314084357829787648
1314083106106667009
1314082717345038336
1314080555772923904
1314077574428061696
1314074101711958021
1314071534684704768
1314066776054005760
1314065460716019712
1314061979913519104
1314061316911509504
1314059890000887809
1314056677323202560
1314055114248912897
1314054753165275138
1314052785239883776
1314052524404604929
1314051168352387072
1314046281099210754
1314043876198551555
1314042994098606080
1314042936041058309
1314041272852721665
1314039078048854016
1314038422734925824
1314034399411920896
1314032127705583618
1314029590344609793
1314029308604801025
1314028508159635456
1314028240118444033
1314025586692624385
1314025099083702274
1314023771376947201
1314020736776855552
1314020537916563458
1314020067324067842
1314019505648140290
1314018611959222272
1314018222283386880
1314017723228196866
1314017320486961152
1314016767363158017
1314016523397201920
1314016377162797056
1314016180877889537
1314015887670890498
1314015845891272706
1314015769232105472
1314015360551546880
1314013264108544002
1314013255304585218
1314012803544432642
1314012136486645760
1314010549600968704
1314009863442386945
1314008958529495040
1314008245477036032
1314008129986686977
1314007907835564033
1314007852365697025
1314007547733577728
1314007383358742528
1314007076834869249
1314006904612499458
1314006587690885123
1314006283834585089
1314006063025356800
1314006058990362624
1293406046996717570
1314005752751636480
1314005702994608129
1314005619578343424
1314003478361104384
1314003399000514560
1314003310743969793
1314002187459198981
1313999098731810821
1313999095770431488
1313998695860506624
1313998269685665793
1313997782802403329
1313997643295666178
1313996817206571009
1313996812462682117
1313996155924230150
1313995765296115712
1313995303373209601
1313994679671758848
1313994660889624581
1313994332396040193
1313993867205603330
1313993102722392064
1313993070455775239
1313992979456106497
1313992954911035392
1313992872874504192
1313992809410695169
1313992522465771520
1313992258199277569
1313991643264159749
1313989926967480321
1313989912228556800
1313989737489879041
1313987667453972480
1313987344484069376
1313986935233245184
1313986546324963328
1313984984626204672
1313984025439145984
1313983706214862848
1313983613533208576
1313983041459503104
1313982448447836160
1313981943852138496
1313980168659181569
1313980042028871681
1313978270564732928
1313977114866188288
1313976900893773824
1313976658152419328
1313976251644862467
1313976249405104129
1313976165120569347
1313975707345747975
1313975451417800705
1313975427808063492
1313975411093561344
1313975167060762629
1313975003528990721
1313974844116086784
1313974120149852162
1313973034995376134
1313972996416077824
1313972530173095941
1313971573724901382
1313971073956937728
1313971055338323969
1313970773829312512
1313970068259135489
1313968844998938625
1313968713578754049
1313967896771649539
1313967889846882305
1313967720497655808
1313967644677087232
1313966693786370048
1313965475764854785
1313964721251393537
1313963640479858689
1313962414245904391
1313962220972244992
1313962219533742081
1313962085336797185
1313961356819824641
1313961045623332864
1313959081003098115
1313959074078355456
1313958925813899265
1313958818171113473
1313958141520949249
1313957902059810822
1313956943296442368
1313956866662133760
1313956647874822147
1313956290197106691
1313956146160508929
1313956039646220289
1313955460568014848
1313954686156898307
1313095840270036993
1313954446716604416
1313954382573117450
1313951718137356295
1313951414184554496
1313951078380077056
1313949492841000961
1313949211579346944
1313948616667459584
1313946786663411714
1313943014650249216
1313942926809083904
1313942925277970433
1313941772268052480
1313940903250161664
1313940622575890432
1313940145398140928
1313938409019277313
1313937804242509824
1313937623908458496
1313935081707204608
1313934758485741568
1313934180095389696
1313934035165605889
1313933585053753344
1313932477707309062
1313932239516954624
1313932060474646529
1313931762821603328
1313931284045983744
1313931193742553088
1313931007670669313
1313930904901804032
1313930611862757379
1313930397974102016
1313929601010278400
1313928934434787331
1313927915776532480
1313927168213151744
1313926607808139271
1313925946538291200
1313925867995836416
1313924568030085122
1313924559800762374
1313924033889677317
1313923767576518659
1313923058625904640
1313922839108608001
1313922709064052736
1313922462619377664
1313921009905528836
1313920423378128897
1313919999128395776
1313919883273330688
1313919826570612736
1313919137798918145
1313918888476733441
1313917963649589249
1313917810318475266
1313915988039987201
1313915947523084291
1313915698419101697
1313915353127247872
1313915111094980608
1313914825651695621
1313914341943631873
1313913607571210241
1313912936994349060
1313912612376195073
1313911844038377472
1313910761727680512
1313910281832067072
1313909595828436992
1313909565163925504
1313908489333477378
1313907476862054413
1313906049586393088
1313904052019892225
1313903770607132672
1313903064034824193
1313902423686164480
1313897447320547328
1313897389703430146
1313896963700527105
1313896907668959235
1313896589904293888
1313896523969761282
1313896355866324996
1313895978454396934
1313895846983995399
1313892735070470145
1313891284944392196
1313890757040889856
1313888144270426114
1313886836087980032
1313886390787031040
1313886303612743680
1313569772332875776
1313886032442478593
1313886000037457925
1313884012591669249
1313880776530751488
1313880691516624903
1313880457243586560
1313879572480503811
1313878554178854912
1313878247638265857
1313878143028146181
1313877661547143169
1313877564155363329
1313876545702944768
1313876311304212480
1313876088846577664
1313875256755585024
1313874994909380613
1313874811148480512
1313874325083164672
1313873659065446400
1313872987058302976
1313872691628331009
1313872638339616768
1313872588268089344
1313872502762999809
1313872427554934784
1313872350555893760
1313872293903433728
1313872237062246400
1313872121660157952
1313872002911006722
1313871959890038785
1313871958392610816
1313871904147681280
1313871862624145408
1313871809884893184
1313871788842065921
1313871701734817794
1313871626543431686
1313871582125715456
1313871555156475906
1313871478417489928
1313871367754772480
1313871246157852672
1313871154189398018
1313870525429616641
1313869691924996098
1313868708935135232
1313866904273027072
1313866719572697088
1313864202285510657
1313863506966519815
1313862663131353089
1313862392472891397
1313861670565900290
1313861609358585866
1313861538856525831
1313861007559843843
1313860297392828416
1313859430811725824
1313859353879834625
1313859341984788480
1313859138435395584
1313858880410091523
1313858363449503745
1313858298618109952
1313856804418453509
1313855863426215936
1313855512425963524
1313854645140217858
1313854569626112001
1313854055932817408
1313853197513969664
1313853184440401921
1313852122295873536
1313852010706407430
1313851867743612933
1313851719382691840
1313851634582253568
1313851155441745922
1313849861553487873
1313849720436121601
1313849665926950913
1313849160941015040
1313848561973460994
1313848322772402181
1313848094551953408
1313848036942962689
1313846976803471365
1313846787132788736
1313846501777563649
1313845546642296833
1313845133276712962
1313844818959912961
1313844662982053888
1313843965712642050
1313843881214083074
1313843300768509954
1313843101102940160
1313843024749789184
1314225119217287169
1313842990767435778
1313842484162641920
1313842002593751041
1313841767918243840
1313841600863240192
1313841580315475969
1313841424476114952
1313836790999134217
1313836542666964992
1313833948297007104
1313833780751278081
1313832028392108032
1313831980966895617
1313831728885256195
1313831367231365122
1313831213849866240
1313829271568363525
1313828509144539138
1313828365422546947
1313828084630515714
1313828059657756673
1313828009346965504
1313827867503988736
1313827637140348929
1313827236701589508
1313826971353337856
1313826435979710465
1313825724332232705
1313825660213899267
1313824981206339584
1313824108237516801
1313824103669936133
1313823500767985665
1313822740391120896
1313822573331972098
1313822293978685446
1313822094409564161
1313822012436086784
1313821633753251843
1313821626690134017
1313820296571424768
1313818390507728898
1313816843417681920
1313816376717594625
1313816270073204736
1313816190393827328
1313816162808090626
1313813432341323776
1313812086980571138
1313810524694511616
1313807702146064385
1313805140818829312
1313804270446219264
1313803886294175745
1313800214780706817
1313799632527355904
1313798846493995008
1313798737106546691
1313797772123017221
1313797548012904450
1313797246794825729
1313796098931273728
1313795547816484865
1313794431410147330
1313788280274653185
1313786535305637889
1313785920903143424
1313784388908449793
1313783191078137861
1313782147900149760
1313781299170217985
1313780512704651266
1313777978904506368
1313777185598173184
1313776564753125376
1313769030935875584
1313768493225918465
1313764732831105025
1313763635819425798
1313762903284166657
1313762282527232000
1313759891278962688
1313758660720562176
1313753761169510400
1313750287258189824
1313747769845264384
1313741153460719616
1313739745818742784
1313733853912068097
1313733750463713280
1313732237842616320
1313732225830129664
1313731411766136832
1313730325193859072
1313729670429503489
1313727560430374913
1313726934988189696
1313725719516786688
1313723776086036481
1313721593688928262
1313719452626608128
1313719384645435393
1313714456027856896
1313714183192621056
1313713407422537730
1313711261759107072
1301587465258577920
1313708795357401088
1313708651857743872
1313704561324908544
1313703449129705474
1313699388435259392
1313699142028480512
1313698147391111168
1313694501882531841
1313693786023682049
1313692371327090688
1313691917440360448
1313691149819731969
1313687761271107590
1313684929625108484
1313682880606863360
1313682750734434304
1313682470752014336
1313681698706644992
1313679719326519296
1313679447870988288
1313679414723448832
1313679246385131521
1313678129983041537
1313678039696384004
1313677293001342976
1313676880092987393
1313676482179284992
1313673777830481920
1313673676059893760
1313673282420264960
1313672079754104832
1313671896798560261
1313671733875007489
1313671250921881600
1313670736788230147
1313669562861150208
1313669484121591811
1313669340550565888
1313669293192679426
1313668529988788229
1313668002735435777
1313667850310217730
1313667758572425216
1313667751500812288
1313667203741429760
1313667173013839872
1313666299990618112
1313665517962493952
1313665493811724290
1313665478087397377
1313665003002769415
1313664926796390407
1313664856285904896
1313664635770470407
1313664168411578370
1313664146123173889
1313663724373389312
1313663100273463301
1313662821062844417
1313661845887123463
1313661268847480833
1313660413062647808
1313660379214475264
1313660194753179650
1313659797825298433
1313659652178087936
1313659048915546112
1313658748334899200
1313658426053070849
1313658264618373120
1313658097181786114
1313657986141884416
1313657872753057795
1313657748677185537
1313656554378457088
1313656421138001928
1313656410354245632
1313655855577849856
1313655092625768449
1313654913742843904
1313654317648355328
1313653944741105666
1313653606772551680
1313652769677619200
1313652068163497985
1313651470844207106
1313651179109441537
1313650578111623168
1313650259369885696
1313649265135157249
1313648370829815808
1313648013223444481
1313647868725649408
1313647678136430594
1313569772332875776
1313647559106330624
1313646883248766976
1313646627366854656
1313646105079549955
1313645715428704261
1313645700287213568
1313645298485538817
1313644913159004165
1313643841723854849
1313642086709686275
1313641161463078913
1313641046102937601
1313640962174971907
1313640827521040385
1313639209941393409
1313638329171275777
1313637707063595008
1313635833979830272
1313634899346194432
1313634469291667458
1313634296763224067
1313633333805420545
1313632975058132992
1313632550196256768
1313632544408002560
1313632492050477056
1313630594585124864
1313630211116761089
1313630114526171139
1313628838568501249
1313628692774518787
1313628390008795137
1313627598530830336
1313627459351240704
1313626344295591936
1313625894632783872
1313625618370584579
1313625370013306880
1313624666062299136
1313624509426040834
1313622305654726656
1313622278278713345
1313621838367424512
1313620265272774656
1313620221069012992
1313619936099606533
1313619418484797441
1313619360687312897
1313619092063105026
1313619039927689216
1313619013033918464
1313618993119453184
1313618719269179392
1313618497402998784
1313618107026436096
1313617723516043264
1313616102107250690
1313615608957693954
1313615185609814018
1313615070513905664
1313614273025896449
1313614270383484931
1313613993534054400
1313613602159460354
1313613131575304192
1313612828591509506
1313612657585512449
1313612276109373442
1313612209612681217
1313612012946104321
1313611843517153281
1313611690748129282
1313611651929665536
1313611544920576001
1313611517066194944
1313611460979949568
1313611247770886145
1313611224345530369
1313611079726096384
1313610902093127680
1313610628783902720
1313610624258265089
1313609903404126208
1313609843178188800
1313609569210265601
1313609554710589440
1313609411915587585
1313609348392849408
1313609056775364609
1313608829905534976
1313608531975770118
1313608346700779522
1313608286000885760
1313608260457394177
1313608171928408067
1313608103481483264
1313608006265958401
1313607838263107589
1313607759460532224
1313607522339618817
1313607406472101889
1313607123138355200
1313606881571680257
1313606727091224578
1313606438623817729
1313606414800166915
