1
0
1
0
0
0
0
1
0
0
0
0
0
0
0
1
1
1
1
0
1
0
0
0
0
0
0
1
1
0
1
0
0
0
1
0
1
1
0
0
0
0
0
0
0
0
0
0
0
0
0
0
0
0
0
0
0
0
0
0
0
0
0
0
0
0
0
0
0
0
0
0
0
1
1305028547623313408
1304956736856494080
1306975419908800513
1304952930320052226
1313569772332875776
1307017739949703169
1304946543070388225
1305952678242115587
1305117587894931456
1304988904265834496
1305034280138145792
1305323249799135232
1305342549272473600
1305319246201839616
1306955461812301825
1305473706655969283
1305010093491064839
1305276938584547333
1306975731281403904
1304949151810097152
1304940782759981056
1311380893437751304
1305352843411382272
1308601185386082304
1306592028168466432
1304963557092712448
1305158991258038274
1305361870929506305
1310620266779873284
1304957536597020672
1304946258486853634
1310673346766331905
1305112438849896448
1305348404969603073
1305472014354984963
1293405211810119681
1312879411008593922
1306975600209326084
1304682270129819648
1305413867074449409
1305067713786712064
1307763537931128832
1305018141794209793
1304937759388229633
1305293279198576641
1306956385888866310
1305374740484370438
1313095838747578368
1304951349881135107
1306959446560534531
1304957187123412992
1311792293305823233
1304961934924681216
1306395021017526274
1304937901906489344
1306956189381525510
1304949778070081536
1304960697282035717
1305022362161565696
1304951615095320576
1309500087190671362
1304916729768734720
1305085793829040128
1307311859981258762
1305997733187256323
1308831579859496965
1305158243283599361
1305367719802413056
1307686763113005058
1304965396756217857
1305031450341769217
1305334256646848512
1306955136892166145
1306976064783003649
