0
0
0
0
0
0
0
1
0
0
1
0
0
0
0
1
0
0
0
0
0
0
0
0
1
0
0
0
0
0
1
0
0
0
0
0
0
0
0
0
1
0
0
0
0
0
0
0
0
1
0
1
0
0
0
1
1
0
0
0
0
0
1
0
0
0
0
0
0
0
0
0
0
1
1
0
0
0
0
0
0
0
0
0
0
0
1
0
1
1
1
0
0
0
0
0
0
0
0
0
0
0
0
0
0
0
0
0
0
0
0
0
0
0
1
0
1
0
1
0
1
1
0
1
0
0
0
0
1
0
0
0
1
1
1
0
0
0
0
0
1
1
0
0
0
0
1
0
0
0
0
0
0
0
0
0
0
0
0
0
0
1
0
0
0
0
0
0
0
1
0
0
0
0
0
0
0
0
1
0
0
0
0
0
0
0
1
0
0
0
0
0
0
0
0
0
0
0
1
0
0
0
0
0
0
0
0
0
0
0
0
0
0
0
0
0
0
0
1
1
0
0
0
0
0
0
0
0
1
0
0
0
0
0
0
0
0
0
0
0
0
0
0
0
0
0
0
1
1
0
1
0
0
0
0
0
0
1
0
0
0
1
0
0
0
0
1
0
0
0
0
0
0
0
1
0
0
0
1
1
0
1
1
0
0
0
0
0
0
1
0
0
0
0
0
0
0
0
0
0
1
0
1
0
1
0
0
0
0
0
0
0
0
0
0
0
0
0
0
0
0
1
0
0
0
1
0
0
0
1
0
0
0
1
0
0
0
1
1
1
0
1
0
0
0
0
0
0
0
0
0
0
0
0
0
0
0
0
0
1
0
0
0
0
0
0
0
0
0
0
0
0
0
0
0
0
0
0
0
0
0
0
0
1
0
1
1
1
0
0
0
0
0
1
0
0
0
0
0
0
0
0
0
1
0
1
0
0
0
0
1
0
0
0
0
0
0
0
0
0
0
1
0
0
0
0
0
0
0
1
0
1
0
0
0
0
0
0
0
0
0
0
0
0
1
0
0
0
0
0
1
1
0
1
0
0
0
0
1
0
0
0
0
0
0
0
0
0
0
0
0
1
0
0
1
0
0
0
0
0
0
0
1
1
0
0
0
0
0
0
0
1
0
0
0
0
0
1
0
0
0
0
0
0
0
0
0
0
0
0
1
0
0
0
1
0
0
0
0
1
0
0
1
0
0
0
0
0
0
1
0
0
0
0
1
0
0
0
1
0
0
0
0
0
0
0
0
0
0
0
0
0
1
0
0
0
0
0
0
1
0
0
1
0
0
0
0
0
0
0
0
1
0
0
0
0
1
0
0
0
0
0
1
1
0
0
1
0
0
0
0
0
0
0
1
0
1
0
0
0
0
0
0
0
0
0
0
0
0
0
0
0
0
1
0
1
0
0
0
0
0
1
0
0
1
0
0
0
0
1
0
0
0
0
0
0
0
0
0
0
0
0
0
1
0
1
1
1
0
0
0
1
0
0
0
0
0
0
0
0
0
0
0
0
1
0
0
0
0
0
0
0
0
0
0
0
0
1
0
0
0
0
0
1
0
0
0
0
0
0
0
0
1
0
0
0
0
0
1
1
0
1
0
1
0
0
0
0
0
1
1
0
0
1
0
1
1
1
0
1
0
0
0
0
0
0
0
0
0
0
0
0
0
0
0
0
0
0
0
0
0
0
0
1
1
1
0
0
1
0
0
0
0
0
0
0
0
1
0
1
1
1
0
0
0
0
0
0
0
0
1
1
0
0
0
1
0
0
0
0
1
0
0
1
0
0
0
0
0
0
0
0
0
0
0
0
0
0
0
0
0
0
1
0
0
0
0
0
0
1
0
0
0
0
0
0
0
0
0
1
0
0
0
0
0
0
0
1
0
0
0
0
1
0
0
0
0
0
0
0
1
0
0
0
0
0
0
1
1
0
0
0
0
0
0
1
0
0
0
0
0
1
0
0
0
0
0
0
0
0
0
0
1
1
1
0
0
0
0
0
0
1
0
0
1
0
0
0
0
0
1
0
0
0
0
0
0
0
0
0
1
0
0
0
0
0
0
0
0
0
0
0
0
0
1
0
0
1
0
0
0
0
0
0
0
0
0
0
0
1
0
0
0
0
0
0
0
0
0
0
0
0
0
0
0
0
0
1
0
1
0
0
0
0
0
0
0
0
0
0
0
0
1
0
0
0
0
0
0
0
0
1
0
0
0
0
0
0
0
0
0
0
1
0
0
0
0
0
0
0
0
0
0
1
0
0
1
0
0
0
0
0
0
0
0
0
0
0
0
0
1
1
0
0
0
0
1
0
1
0
0
0
0
0
1
0
0
0
0
0
0
0
0
0
0
0
0
1
0
0
0
1
0
0
0
0
0
0
0
0
0
0
0
0
0
0
0
1
0
1
1
0
1
0
0
0
0
0
0
0
0
1
1
0
0
0
0
0
0
0
0
0
1
0
0
0
0
0
0
1
1
0
0
0
0
0
0
1
0
1
1
0
0
0
0
0
0
0
0
0
0
0
1
0
1
0
0
0
0
0
0
0
0
1
0
0
0
0
0
1
1
0
0
1
0
1
0
0
0
0
0
0
0
0
0
1
0
0
0
0
0
1
1
0
1
0
0
0
0
0
0
0
0
0
0
0
0
0
0
0
0
0
0
0
0
0
0
0
0
1
0
0
1
0
0
0
1
0
1
0
0
1
0
0
0
0
0
0
0
0
1
0
0
0
1
0
0
0
0
0
0
0
0
0
0
0
0
0
0
0
0
0
0
0
0
0
0
0
0
0
0
0
1
0
0
0
0
0
0
0
0
0
0
0
0
1
0
1
0
0
1
0
0
0
0
1
0
0
0
0
0
0
0
0
1
1
0
0
0
0
0
0
0
0
0
0
1
1
0
0
0
0
0
0
0
0
0
0
0
1
0
0
1
0
0
0
0
1
1
0
1
1
0
0
0
0
0
1
0
0
0
0
0
1
0
0
1
0
0
0
0
0
0
0
1
1
1
1
0
1
0
0
0
0
0
0
0
0
0
0
1
0
1
0
0
0
0
0
0
0
0
0
0
0
0
1
0
0
0
1
0
0
0
1
1
1
0
0
1
0
1
0
0
0
1
1
1
0
0
0
0
1
0
0
0
0
0
0
0
0
1
0
0
0
0
0
0
0
0
1
0
0
0
0
0
0
1
1
0
0
0
0
0
0
0
0
0
0
0
0
0
0
0
0
0
0
0
0
1
0
0
1
0
1
0
0
0
0
1
0
0
0
0
0
0
0
1
0
0
0
0
1
0
0
1
0
0
0
0
0
0
0
1
0
0
0
0
1
0
0
0
0
0
0
0
0
0
0
0
0
0
0
0
1
1
1
0
0
0
0
0
0
0
0
0
0
1
0
0
0
0
0
0
0
0
0
0
0
0
1
1
0
0
0
0
0
0
0
1
0
0
1
0
0
0
0
0
0
0
0
0
0
0
0
1
0
0
0
0
0
0
0
0
0
0
0
1
0
1
1
0
0
0
1
0
0
0
0
1
0
0
0
0
0
0
0
0
0
0
1
1
0
1
0
0
0
0
1
0
1
0
0
0
0
0
0
0
0
0
0
1
0
0
1
0
1
0
0
0
0
0
0
0
0
0
0
1
0
1
0
0
0
0
0
0
0
1
0
0
0
0
0
0
0
0
0
0
0
1
0
1
0
0
0
1
0
0
0
1
0
0
0
0
0
1
0
0
1
0
0
0
0
1
0
1
0
0
0
0
0
0
1
0
0
0
0
1
1
0
1
0
0
0
0
0
1
0
0
0
0
0
0
0
0
0
0
0
0
0
0
0
0
0
0
1
0
0
1
0
1
0
0
0
0
1
0
1
0
0
0
1
0
0
0
0
1
0
0
1
0
0
0
1
0
0
0
0
0
0
0
0
0
0
0
0
0
0
0
0
0
0
0
0
0
1
1
0
0
0
0
0
0
0
0
0
0
0
0
0
0
0
0
0
1
0
0
1
0
1
0
0
0
0
0
0
1
0
1
0
0
0
1
0
0
0
0
0
0
0
1
0
0
0
0
1
1
1
0
0
0
0
0
0
0
0
0
0
0
1
1
1
0
0
1
1
0
0
0
1
0
1
0
0
0
0
0
0
0
0
0
1
0
0
0
0
1
0
1
0
0
0
0
1
1
0
0
1
1
1
0
0
0
0
0
1
0
0
0
0
0
0
1
0
0
1
1
0
0
0
0
1
0
1
1
1313569772332875776
1315878623019237391
1315880041113366528
1315886941624172544
1315889066089615360
1315895972874997760
1315896309451194369
1315898552053243907
1315899493955502080
1315900462843883520
1315908515324727301
1315941610887282688
1315961044251140099
1315961744506851328
1315970673165115395
1315982658204241922
1315983832487809031
1315985758264623105
1315986035650834440
1315986797906731008
1315986910028984320
1315987196214607872
1315987571478913027
1315990000241123330
1315990069853986816
1315992991945940994
1315992997784363009
1315993024191660032
1315993062179581953
1315993115937759232
1315993999510040576
1315995754092261378
1315996034498256896
1315996714675982337
1315997262913437696
1315997798026928129
1316000117388967939
1316001938232795144
1316002232823840769
1316003202832228354
1316003867830616068
1316011626915680256
1316012714737635330
1316014256274370562
1316014720302817282
1316017046614753282
1316019365238566921
1316021857515048960
1316022888231657475
1316024457035571203
1316025804510224385
1316025892095709192
1316026307549949952
1316026738959245313
1316028951442096130
1316030409344315392
1316030443490164741
1316032211099975680
1316032442810208257
1316041031859798019
1316047402458120192
1316060411146334208
1316062392242057217
1316068298279313411
1316077509113454595
1316079216518221826
1316079773542735872
1316079943428825089
1316080024546611202
1316080058629599233
1316080229413277696
1316080529901522948
1316080603373199365
1316103318322774017
1316110723139792898
1316113162404421633
1316122804119629826
1316124867847229441
1316132513970941952
1316138950914764800
1316140583367274496
1316142326079725569
1316151650244009990
1316156398259011586
1316157817720631297
1316159552602009600
1316160020132909058
1316160721927974918
1316161410674700291
1316162216647962624
1316162971442192384
1316163605658701825
1316165242456596486
1316165551689883648
1316165646787448832
1316166446230142978
1316166898460119040
1316168101411598336
1316169019339296769
1313569772332875776
1315790115441184769
1315790280965193728
1315790316734222339
1315790467401949185
1315791553986727940
1315794328774737920
1315795461073072128
1315795635065384960
1315796439046459393
1315796809659412480
1315796895873204224
1315797511513149441
1315798582943977472
1315800587405938688
1315801438908542976
1315801646203645953
1315801865389518852
1315802154251190272
1315804085245927425
1315805477020856327
1315805739244490752
1315808758488952833
1315808996008194049
1315809989626417152
1315810746773766144
1315811010297692160
1315811755961049089
1315811989797638144
1315812040192266240
1315813111698542592
1315813805193154561
1315814471240212482
1315814884584628234
1315815058354704384
1315815244321583107
1315817269381992449
1315817909281869825
1315818436652531712
1315818551727411200
1315818917483491330
1315819048194633728
1315819713835008002
1315822065153388545
1315822210561474561
1315823296936636417
1315823562721198080
1315823744229740548
1315823913105084417
1315828421818286081
1315829498319908865
1315829659838283777
1315829815547658241
1315829960947511296
1315830233887580162
1315832067545067525
1315833208513196038
1315836004301975553
1315836254970351616
1315836670076280834
1315837499478929408
1315838156110004226
1315841921106038785
1315842878216830976
1315843137386971136
1315844318540816384
1315844765338853376
1315844900252909568
1315845017072623617
1315845129719042048
1315846998130601984
1315848070177976320
1315849983766257666
1315849995116056578
1315850318173929472
1315851214500712449
1315851553589342214
1315852488172597254
1315853755653353472
1315854067290210304
1315854233074311168
1315854384778149893
1315856042966888449
1315858052202082304
1315859374246686721
1315862111872970753
1315866870487093248
1315866996072869890
1315868722624684033
1315868794678439945
1315869608759357440
1315869934879088641
1315872921995313152
1315874641458544642
1315875464741711872
1315876067534614529
1313569772332875776
1315684415771607040
1315689267251875840
1315690855810969600
1315692376011272195
1315692487357407233
1315693414281871360
1315695090963156992
1315696520872816640
1315698101890449409
1315704579011551233
1315712392920137729
1315713195785420800
1315715339007799296
1315715496478756873
1315715747100782593
1315716653896724480
1315716761468243970
1315719996216152067
1315721366390345728
1315722043749531657
1315725395816316931
1315727836188233728
1315728846361112576
1315728982290173954
1315730808850706432
1315733315874422786
1315738086739832832
1315738133246275584
1315740325454000128
1315740602429067266
1315741478539284485
1315742952933617664
1315743364487294977
1315743480015134723
1315744624691097607
1315745210370945025
1315745786488066049
1315747283774787584
1315748066075373568
1315749002684575744
1315749059186098176
1315749988253696000
1315751370683822080
1315751394620530688
1315751783210377222
1315752402038009857
1315752711548211200
1315756245698174978
1315757307029073922
1315758873899343873
1315758943981899776
1315759988820766720
1315762751772536833
1315762866817921025
1315764162341990401
1315766488607981570
1315766559604912130
1315767353930469376
1315768828266082304
1315769340277321728
1315770492670767104
1315770872825692161
1315771135741636612
1315771189059485697
1315771572578398208
1315772123059818496
1315772720412590080
1315772742973579264
1315772785218719746
1315772927409823745
1315773226589605888
1315773350136995840
1315773386409336833
1315774297277829121
1315775687849115648
1315777430284451840
1315777922146336769
1315778158042378241
1315778327987318787
1315778721928957954
1315779659636768768
1315780133714829320
1315780855097303040
1315780872763703297
1315780902149005312
1315782836293689344
1315783148492517377
1315783482107281409
1315784273463406592
1315785124185804806
1315786262570323968
1315786383127121921
1315787167256334336
1315787311871938560
1315787670468132864
1315787926987436032
1315788914163146759
1315789020421648385
1315789277821714432
1313569772332875776
1315442939796090880
1315443168851177472
1315443488989704192
1315447057369518080
1315447997946359809
1315452192959139840
1315453178393968640
1315453564907651072
1315458567936380928
1315458849269309449
1315462340536602625
1315462519385780224
1315462949134241792
1315464205936410624
1315464762994487296
1315465543701340160
1315467083438788608
1315469359234588673
1315469772813824000
1315469797774290944
1315470906597281792
1315475177883328512
1315476087732867073
1315476202128207872
1315477971004686339
1315479420027564033
1315484554761834496
1315491839655305218
1315499338097856518
1315500101104742400
1315501809922957312
1315504967604600832
1315507787170865152
1315508450344878080
1315508685360099328
1315510604119994368
1315513121767858176
1315514456693108737
1315521620480491520
1315530771453468672
1315532764326682625
1315539124112125952
1315539282791071744
1315547138814861312
1315567002317205504
1315578758334566400
1315580700305887232
1315581308651753474
1315584881913548800
1315587124842823682
1315588970923913221
1315589361472352256
1315597743146954752
1315607356475142145
1315608543702196224
1315610768818278404
1315611241667272704
1315611823174021120
1315615908887293953
1315622177249660931
1315623053855010821
1315625203012042758
1315628872839249921
1315630255751733249
1315630544386887681
1315630573243817984
1315631608922288128
1315631847229939715
1315633435172630529
1315633855164973057
1315634892160393217
1315635208054616064
1315635256301584390
1315635375323385856
1315635451261267971
1315635849711812608
1315636565562068992
1315636721682313216
1315636748848893952
1315636761633132544
1315636878998151168
1315637089287966722
1315641696932167682
1315643240230645760
1315645156951900161
1315650380659793920
1315650804993290251
1315652258395238406
1315653967846748161
1315654518114222086
1315655813575344129
1315667144504471557
1315667808651489280
1315670024690958336
1315673167910772738
1315675090940354560
1315675139468488705
1315681706779828228
1315682610882904066
1313569772332875776
1315295323669983237
1315296454269755392
1315296963403808768
1315300921103069185
1315303079311532033
1315303192763281414
1315307529795235848
1315308137906307073
1315308826447364101
1315312400577503234
1315313699184414727
1315320900548345857
1315322436833869825
1315324406139289600
1315324660192407553
1315325631987503105
1315327910211989506
1315329229865783296
1315329776383524864
1315331110012956672
1315331417300111360
1315342979356221441
1315344206857035777
1315346021044686848
1315349138083508224
1315349291502915596
1315350884864479239
1315351631123214336
1315354965301506051
1315355268839084033
1315358080000036864
1315358455788568576
1315358900510748673
1315359011236122627
1315359106044104705
1315360172739424256
1315361422193422338
1315362402502946816
1315362758867574784
1315364702298480642
1315365434330415105
1315365567021244416
1315365898786500609
1315367082876436482
1315367448405737473
1315367831442280450
1315368121407078402
1315368983323787264
1315371467769614337
1315375653957427200
1315376505724309504
1315378164043051008
1315380100171350016
1315381373478240262
1315383252719464453
1315385997891436549
1315386828464119809
1315386911406518272
1315390984868507651
1315392837580550144
1315393640068333568
1315397128865357829
1315397283400171520
1315398527283982336
1315399188335587328
1315399510600740864
1315399828499824647
1315401375233310721
1315402180472582146
1315402328283983872
1315405199293534208
1315406367193063424
1315406961597390848
1315407209459838976
1315412866653065217
1315413773352660992
1315415723850846209
1315416032979439622
1315416207995011072
1315417601426759681
1315418313514651649
1315421101892071424
1315421956611608576
1315424106825895937
1315424389693943808
1315425293817978880
1315427255062081536
1315427419122143232
1315429774076960768
1315431275721707520
1315431726257188864
1315431846910586890
1315431894322950145
1315432387690463233
1315434375559798784
1315436248958410753
1315437560265617409
1315438142560890883
1315441829530292224
1314225152679346177
1315062111027027968
1315064697201156096
1315067345409241088
1315068258920390657
1315069022782861312
1315070268931403776
1315070319233765377
1315071570952372224
1315073386091962368
1315077144574337024
1315078373526429696
1315078467210416128
1315080345658646533
1315081783105515521
1315082619688812545
1315084440243179520
1315086326367092737
1315089415283277824
1315090770861477888
1315092380886933509
1315093156715585536
1315093176416436224
1315093568252448768
1315097686945792000
1315098416788254720
1315098642517164032
1315099555227148288
1315099821838082048
1315100004084842496
1315101165655216129
1315102228680769536
1315103021198696449
1315103484740538368
1315104179413803010
1315105135090163715
1315109971663769600
1315110227059052544
1315115932533088256
1315120076287336448
1315124518235504640
1315125406161199105
1315134433351987200
1315134946114236416
1315142652430409732
1315142921834782720
1315147412403617793
1315149311567560705
1315154054943825920
1315154547182977024
1315161065441746947
1315164131184521216
1315165631751368705
1315182533160599554
1315191533608595456
1315197824393515008
1315202125899673601
1315211004263960578
1315218662962339840
1315219290606374913
1315231290828877830
1315236884843388934
1315241486166917126
1315244244345532416
1315245081046200320
1315247354971262978
1315247871357321216
1315254290055868417
1315255457942994944
1315259132044365825
1315261629379080193
1315263996589735936
1315264516301692930
1315265193782530048
1315265886090137602
1315271135068553217
1315272443548897280
1315272512616439808
1315272895896018944
1315273278961917952
1315273892605374464
1315274215969361921
1315274266301038592
1315274443011260416
1315275922396909571
1315276292439314433
1315277136895397890
1315277477225418752
1315277539238174720
1315277982286536704
1315278488493002754
1315282261739220993
1315282360326393856
1315284706410164226
1315289455234752512
1315290606650957825
1315291115814293504
1315291822789292032
1313569772332875776
1314789629816578048
1314791340014788608
1314794593670447107
1314795031639683072
1314796092207185924
1314796649684770817
1314797850774040576
1314800593244811264
1314800894332956672
1314801831877328896
1314802900435046401
1314804090640179200
1314804316771889152
1314810202202529792
1314810677589159937
1314812228571406337
1314812736602243073
1314816204935180288
1314830063926276096
1314832708711841792
1314837392222613504
1314838312180301827
1314858056522575872
1314864647284035584
1314872152596901889
1314872782539436039
1314879323359391744
1314881156010172417
1314881825177624579
1314882562326659073
1314885422485565440
1314889228623515650
1314890972644487171
1314891693343338496
1314892567088189450
1314895582536896514
1314907718226976768
1314908550091636736
1314909216537149441
1314913006011154433
1314919464001966080
1314920403639431168
1314923026626953218
1314925034876485633
1314935860077441024
1314942829043609601
1314945959399485441
1314946693624999943
1314947759368097793
1314958744887930880
1314959405071310850
1314959990491361280
1314960235178668032
1314963806540374016
1314964533514035200
1314966866255769601
1314968241786109953
1314972613379121152
1314972791075008512
1314973266273075207
1314973673128972288
1314976564488986625
1314978076472815618
1314978576840699905
1314978577629077504
1314978814280314880
1314981143331008512
1314981609897111552
1314988174838427648
1315001362711748609
1315007976789340160
1315011476109684741
1315013760524840961
1315016066716766208
1315019204303613952
1315020305048322049
1315020998106730497
1315021333357424640
1315021674400477184
1315023682679402497
1315026103703142400
1315026294330056705
1315030389853839361
1315034034817425416
1315036209903742981
1315036541094223872
1315037072030265344
1315038032869773313
1315040782366187522
1315041725539397632
1315042554942050304
1315045385312722944
1315045772912721921
1315046399289905152
1315046418051076096
1315047501347520512
1315049446200102912
1315054844277936130
1315056207057448960
1313569772332875776
1314730622854860800
1314730737887780868
1314731052498264066
1314731560176939008
1314732145424896001
1314732336001552385
1314733741915373570
1314734605115830272
1314735195065638912
1314735568312385536
1314736191254659074
1314736555991465984
1314736770156691456
1314737480864800768
1314737928149651458
1314738624005435393
1314739719591333888
1314740618074058752
1314741419647610880
1314742595042631682
1314742650747203586
1314742871656980481
1314743350109429760
1314743361073545218
1314744401520988160
1314744798604132352
1314745143010959360
1314745382350585857
1314745586827120640
1314746190433603584
1314746636745220103
1314747108768067584
1314747380869337094
1314747832696549376
1314748400429015040
1314748567618117632
1314749225381527552
1314749538129842180
1314749541921501185
1314751121089536000
1314751915327139840
1314751969710534656
1314752502307250178
1314752697313243139
1314752879056613376
1314753715723735040
1314753791271620608
1314754256973385729
1314755821201289216
1314755929632509958
1314756098214309890
1314756102119186440
1314756444160491526
1314757029882286081
1314757087755300864
1314757249684983808
1314757763449475072
1314758101279498240
1314758150478688258
1314758876697448449
1314759049481613313
1314760170543685632
1314761614252359680
1314762693753081858
1314762772387975170
1314764209083744256
1314765609473728517
1314765884032864256
1314766371205664775
1314767275300397056
1314768630312128512
1314768774764126208
1314769707279540231
1314770271186956289
1314770436920684544
1314771007933218816
1314771173524172800
1314771910232768518
1314772734837051392
1314773238896119809
1314773292343988224
1314773447801790469
1314773783488671744
1314774272477474816
1314775078111006720
1314775590176804864
1314777541895479296
1314777914483769344
1314777999443668993
1314778047279591424
1314778210228346880
1314778408782458880
1314778718292914177
1314778986006958080
1314779292748910594
1314779537213812736
1314785583806455808
1314789116542771200
1314225119217287169
1314625231781163008
1314625369647898626
1314625457766100993
1314625505690177536
1314625551852736512
1314626253706719233
1314627613118230532
1314628293157482498
1314629323098390531
1314629651461885952
1314630754685517824
1314633068255174657
1314633344374710272
1314633935968628736
1314634130802577408
1314634185882042369
1314634230857519104
1314634865137123328
1314635431523295237
1314636031573069824
1314636798472212481
1314636837927952385
1314637008476790787
1314637269379289092
1314638369385709568
1314638840192208896
1314639342325780481
1314639495686389770
1314642461797515265
1314642545926762497
1314643589171941376
1314645127122636802
1314646933772828675
1314647069055832064
1314649615824814080
1314651662204702721
1314652721014808577
1314652774483673089
1314653917855145984
1314654780602556417
1314655510021369856
1314656368071041024
1314657937365692416
1314659040534773761
1314659894562230273
1314660122585559040
1314660123332284416
1314660138884632576
1314660352718786560
1314660398432485378
1314660456200634368
1314660671003344896
1314661258310885377
1314662010513174529
1314662995666976768
1314664059287920641
1314664263647076352
1314664629289664512
1314668077481558016
1314668781554208768
1314673085027475456
1314673247066128385
1314674286074839041
1314676406937296896
1314677338173513728
1314677583112331264
1314678396916568065
1314679431630409730
1314679790897569792
1314680187569737731
1314680556186198016
1314682446424797184
1314682511381819392
1314683072919425024
1314684131691827201
1314687943794061312
1314689864386965505
1314692454520586245
1314696403868934145
1314696949967261696
1314704349021437954
1314705029962641411
1314705818730876929
1314708600254730241
1314711700277522434
1314712974783844354
1314715705812545536
1314716069785993216
1314717232673574913
1314718974026760192
1314719692393787392
1314723302649208832
1314723769097891842
1314724356594032641
1314725453043765250
1314725994150924289
1314727528578404359
1314727745595858944
1314729902562779136
1313569772332875776
1314369256302080001
1314374027704635393
1314375713110274052
1314376215550218240
1314376965546102784
1314377119473053696
1314379071795671040
1314379131627413506
1314383308336377856
1314384945746382849
1314385505274847232
1314387103766126592
1314388899700113408
1314389560147804160
1314391675247030272
1314392027136630784
1314393037431169025
1314395513509220352
1314395636507176961
1314396092981669888
1314397481761898497
1314402030862168065
1314403458816983041
1314403573061414913
1314405876480925697
1314408834442690561
1314409877943410688
1314427866495545344
1314430253289406474
1314431298761449473
1314433711417384960
1314446814142099456
1314501730642669568
1314507105949413382
1314522094974238720
1314528045932441603
1314528387248070656
1314528410094493702
1314528989441122305
1314531965798961154
1314540097157705728
1314541016117059584
1314545410392850433
1314545468236541953
1314545716690382858
1314547933254221827
1314548600668651522
1314551955008651267
1314552851583049728
1314554520479756288
1314554663769968641
1314557401400586241
1314567879354773505
1314569289718996992
1314573941172654081
1314574005513396224
1314574125210324994
1314575403516862466
1314577456758620165
1314580423591198720
1314587251016253441
1314588229321003008
1314589133076000769
1314591444401782785
1314593188523511808
1314593220836425735
1314594550837579776
1314595252406300676
1314598297701675015
1314600172844978179
1314600335600685056
1314601149765488640
1314601295806951430
1314602070700371970
1314602687451860994
1314602751180013569
1314603119884619788
1314604832498479107
1314605889253376001
1314606256133472256
1314606467056455682
1314606603954466816
1314607281921646592
1314607489317568514
1314607987034664965
1314608623474012165
1314608828768419840
1314609669705551872
1314609697908023299
1314609746557763584
1314613172326731776
1314616702458646533
1314618274840277003
1314620684824457227
1314621064996155397
1314621364049911808
1314625116408487937
1314625136109084673
1314625158779334656
1311399074210418689
1314285909324439552
1314285962432741376
1314286113557639168
1314286508283621377
1314288158100664322
1314288866560335873
1314289531235991558
1314289611007557638
1314290228350382083
1314290559876567044
1314292697872494592
1314293174517596161
1314293566487789568
1314294080084627456
1314295057990770688
1314295156615589889
1314295387533062145
1314295726550130688
1314295758007476230
1314296832961454088
1314297169923338240
1314297189435310080
1314297942325391361
1314297946301702144
1314299844333314054
1314301248498143232
1314301858853187584
1314301935365894146
1314302155843608590
1314302389462147078
1314302728940576768
1314302733969694735
1314303668120965121
1314303958823903236
1314304035739111424
1314305583680454657
1314306657111941128
1314307057143574528
1314307436321349655
1314308346565009439
1314309577735839756
1314309928073469955
1314312257187139586
1314314124428541957
1314314999003832320
1314316276685209600
1314317490034479105
1314320133825859584
1314320340391264261
1314320587632902146
1314321681331236867
1314323191477620736
1314324650378375170
1314325250285408260
1314325385123774464
1314325886611738627
1314328898939826176
1314329093308067841
1314331089062621184
1314331487186034688
1314331515849863168
1314333250366603265
1314333757290295296
1314334061452615680
1314334216528723970
1314334438684323840
1314335656882180101
1314336379703357440
1314338187804848131
1314340074104983552
1314340497037692929
1314341908282519555
1314345484220280832
1314346211411984384
1314346733560889345
1314348445977673729
1314349090348494848
1314349165988675584
1314349260125528064
1314349660237107201
1314352072482000896
1314353025843159041
1314354463679930369
1314354668982603776
1314355053843619840
1314357551740391426
1314358308329971712
1314358401321914374
1314358717903712257
1314359408311271426
1314361037139836929
1314361115623612416
1314361888604516352
1314363172321734656
1314365791987535874
1314366226194333696
1314366602398314505
1314367422183469057
1314368470662868993
1313569772332875776
1314122087431249921
1314122288602644480
1314122489597894657
1314136116144951296
1314147313745526784
1314148128308842497
1314153608028581888
1314154308255059969
1314158765730480128
1314163067928883200
1314171499448799234
1314171711114350594
1314173779896131584
1314175573854363651
1314176376707178497
1314176770841731073
1314176980078727170
1314177117228134400
1314177324611325953
1314178329717678080
1314179253894815744
1314179491414118400
1314181072268136448
1314182503352197120
1314184112521932801
1314185295940726797
1314186035690053632
1314186471599898624
1314188096926298112
1314188097995841537
1314188235850088448
1314188494173016064
1314190240983154688
1314191572188246018
1314191718078709763
1314194155858518016
1314194353162780672
1314194579646808064
1314195539177603072
1314196169619275776
1314197160049741825
1314203441305063425
1314206951639707649
1314207313750712322
1314207362157219844
1314211451150561280
1314211867884101633
1314212614696706049
1314213387291652099
1314215637036789760
1314217654576705537
1314219000033767425
1314222114744995841
1314225053794529286
1314226053313966080
1314226335569653766
1314228926005338123
1314229672763416578
1314231395112415232
1314232755568467972
1314233741523529728
1314233999590645760
1314235136272146433
1314235829913636865
1314239815483682816
1314240195596677121
1314240349351469058
1314240544445362176
1314240859844435968
1314241024483487750
1314241309402570752
1314241506371235840
1314241954041921536
1314244612463104000
1314244882257653760
1314245302413676547
1314265033623375873
1314266275044966400
1314268404279255040
1314269344218529792
1314270721930006528
1314270769191428096
1314272444891398144
1314272594581843969
1314273011076419585
1314274513559990279
1314277092536721408
1314278038436114432
1314278176881807360
1314279772575469569
1314280697683603456
1314280739509280768
1314281018946445319
1314281329870110721
1314281861066219520
1314283754454691840
1314283806258593803
1314284093471961088
1314285044836507648
1311399074210418689
1314017501815214082
1314017524799934465
1314018576970461187
1314019052428374022
1314019235740475393
1314020979870400512
1314021540606996480
1314023034882338816
1314023692666654721
1314023792444952576
1314024420701138944
1314024625420996610
1314025676769505281
1314026063543046145
1314026131079667712
1314026215699701761
1314026423443652609
1314026453105881092
1314026566138044416
1314026610039889921
1314026649491439617
1314026750490206208
1314027013674471424
1314027177122373632
1314027230150844416
1314027355904643072
1314027517955637249
1314027539275415556
1314027757173530626
1314027834050969600
1314027923825852416
1314027994302705665
1314028304790241281
1314028639051083777
1314028886217224193
1314029715016089601
1314029911825436674
1314030425115852802
1314031377088745474
1314031800415653888
1314032247587188741
1314032941769596928
1314033048774615042
1314035143775051778
1314036093575069696
1314036457674215426
1314036541577138176
1314036715200356352
1314037159276412929
1314037228637753346
1314037573237514245
1314037654254768128
1314037706704457728
1314037948724191233
1314038154320580613
1314039349424590848
1314041026278031362
1314041068904742915
1314041653238390789
1314042339246178310
1314042742507438080
1314043713434218497
1314046769685299200
1314052775043457024
1314053080074399744
1314053912136044544
1314058087938945024
1314059453419802624
1314059488450633728
1314061171419475974
1314061496264069120
1314061789768962050
1314062369975402496
1314062930300686336
1314065987604447233
1314067003364323329
1314068171926777856
1314068509496930304
1314069138961129478
1314070189491838976
1314073012560261122
1314076711642779648
1314077553368461312
1314081544370302976
1314085293071368194
1314087907087450112
1314090576094982144
1314093905852338177
1314094117408759809
1314094641239609344
1314103032632803329
1314103619478642688
1314114736305233920
1314115843840643074
1314121986512052226
1311399074210418689
1313950274277515266
1313951528831442944
1313951871640502272
1313953358277828609
1313953540545474560
1313953719139139589
1313954176335048705
1313954384531783680
1313954593017978881
1313954612437610496
1313954624211095552
1313954662374993920
1313954711242854400
1313956705869463557
1313958978930475009
1313959034421207040
1313959207297847298
1313960756447252482
1313961201261588481
1313961220828004353
1313961643412422660
1313962197249269760
1313962264823644160
1313962294108282880
1313962414283649025
1313962468453085184
1313962515626295296
1313962555954597888
1313962702268637184
1313964625361285120
1313965719034486785
1313966029601681408
1313966388797677572
1313966572638277637
1313966810933460998
1313967572816076800
1313968711536082950
1313969065891946496
1313970628819660801
1313970905345929217
1313971507081740289
1313973377875533825
1313975186698448897
1313978568695664640
1313980558796484608
1313981987741413376
1313985758987014149
1313986408508395526
1313986558589100039
1313987664945782784
1313987877429272576
1313990595359145990
1313991697144008704
1313994175654715392
1313994766137389057
1313995839602294785
1313995920372117505
1313997264579371008
1313998547650453505
1313998964870516736
1313999066964078595
1313999806805745674
1313999920043634688
1314000030244786176
1314000408348700673
1314000841075027972
1314001385978048513
1314001837255798786
1314002063186067462
1314002506876362752
1314003255752626178
1314003721685262340
1314003755541512194
1314004915778273280
1314005082502041600
1314005667309654019
1314005810591145984
1314007722304643072
1314008075058241538
1314008594568810496
1314010988941914112
1314011126737371138
1314011280445968384
1314011378794016770
1314011758361751552
1314012060875976705
1314012084351500289
1314012236818636801
1314012263850946561
1314012566994202624
1314013120294260737
1314013491716591616
1314013664840613889
1314014218547605504
1314014331068063745
1314014890579890176
1314015439677255688
1314015831945289729
1314017462330044424
1313095838747578368
1313840879216463872
1313840917707583489
1313841093838999552
1313841195454525440
1313841662716784641
1313841853180063744
1313845665919889408
1313845810782777345
1313845879724486656
1313845935479414786
1313846081856339968
1313847129073483777
1313850357525610501
1313852538609782789
1313853108955439104
1313855735055482880
1313855829410373639
1313856658276118530
1313857185231765505
1313858298618109952
1313858363449503745
1313860852869627908
1313862663131353089
1313863400192200706
1313863579234426880
1313864809805484033
1313868403686412288
1313868492920086535
1313874117481967617
1313876596181422090
1313878328005201921
1313879348856856576
1313879986567225345
1313880971880599554
1313881065740660736
1313881171567218691
1313889982386302976
1313890492007014402
1313891636120825863
1313891708644610052
1313895309815185410
1313896051183702023
1313898141872279557
1313898683453386753
1313899048391315463
1313900194635804672
1313900897387175936
1313902522243846144
1313903697013862401
1313904253115617282
1313905633616257027
1313905647830798337
1313905877494247424
1313905902089433089
1313907355998806016
1313907575054688257
1313908212114944000
1313908806900879361
1313911840905203712
1313912926407983113
1313913605796970496
1313918888476733441
1313919926936113153
1313920167865274369
1313920332055617538
1313921703475511296
1313923641676115974
1313924630772670464
1313927597856755719
1313929927251484672
1313930360447807493
1313931210150703104
1313931622258020354
1313932783627067392
1313933464459239425
1313933734106685440
1313936289482313735
1313937553674788864
1313938943478431744
1313940933918945280
1313940951253970944
1313941208574554112
1313941772268052480
1313943179045990400
1313943332066717699
1313943625986785280
1313943722053304327
1313945203259117575
1313945690071068672
1313945799622037507
1313946401919823872
1313946467061690368
1313947047398002689
1313947610156335105
1313948490620375041
1313949405976948737
1313950032937267202
1311399074210418689
1313657935268999168
1313658293517258752
1313658378548178944
1313658714147221504
1313658778672300033
1313658952924762115
1313659016699162624
1313659127529381891
1313659645492441091
1313660061194104832
1313661518827851784
1313662427733594112
1313662501280772097
1313663195869966336
1313663270822256641
1313663469099651078
1313664604451471361
1313664920664379399
1313665426673610754
1313665519405477888
1313667212889255937
1313667287317012481
1313668375332024321
1313668668732198912
1313670318603599874
1313670793264472065
1313670968846495744
1313671461551259649
1313671528920350723
1313673527665590274
1313673777830481920
1313674882677440519
1313676387023237120
1313677494193737728
1313677866262048768
1313678049410461697
1313678121800019968
1313678519420026885
1313678759149670401
1313678921511174144
1313679328702590977
1313680050508636161
1313680497470562305
1313681971638403072
1313682814102102016
1313684840248733698
1313685323323445252
1313686931595816960
1313687568949501952
1313691195021778944
1313692827637944322
1313696641992491008
1313696698573742081
1313697517800951809
1313697543910567936
1313699221053345792
1313699241680924672
1313699952019804160
1313700189757222913
1313700421672689666
1313700436847849472
1313702954759847938
1313714109959991296
1313714449937625090
1313715105327013889
1313716863256338438
1313718587685650432
1313761977542483968
1313768517355929601
1313774513297989632
1313785300489961472
1313791916430032896
1313795870182248448
1313803629942378497
1313814517579739137
1313816190393827328
1313816897629159424
1313823389279088640
1313826610353778688
1313827080526856194
1313828009346965504
1313828084630515714
1313828200330428416
1313828807183278081
1313830164137033729
1313830330101460993
1313831134237663232
1313831980966895617
1313837112270049285
1313837131349987328
1313838387900620806
1313839697341419520
1313839931853168640
1313840301010751490
1313840632310317057
1313840668540895232
1313840692200837123
1313840757388701698
1313840861080219648
1313626776636215297
1313626809490182150
1313626856906584065
1313626908991643654
1313627380838137856
1313627722162208768
1313627905247924224
1313628124333182977
1313628128414109702
1313628262170492928
1313628328524349440
1313628885129592834
1313629347438374918
1313630072801198086
1313630137011773440
1313630211997667333
1313630532656230400
1313630667977129985
1313630698255736832
1313630749728202752
1313630751728963584
1313631103945592832
1313631110090424321
1313631470406246400
1313631570285256706
1313631976113483776
1313632003699298304
1313632149417984000
1313632221811548160
1313632565400489984
1313633012907532288
1313633528056291328
1313633723934334976
1313634056748244993
1313634419329110018
1313634505941372928
1313635045194625024
1313635420899602433
1313635664999579649
1313635815939993601
1313635987269070848
1313636157683576832
1313637954317844480
1313638082302836737
1313638495047610368
1313638575288709122
1313638744482705408
1313638850695135232
1313639424396324864
1313639664746729472
1313640231602716673
1313640367401717760
1313640385944547329
1313640792221777921
1313641617446895616
1313641713034985478
1313641908011503616
1313642520895578112
1313643102851211264
1313644012620972034
1313644413508177920
1313644937594974213
1313645253501607937
1313645417217748992
1313646669238603777
1313646890806915072
1313647315064885248
1313647372342185984
1313648111403765761
1313648290156744704
1313648320355549184
1313648413821612033
1313648728243347457
1313648887211540480
1313649988627501056
1313650100720132096
1313650774740590593
1313650805572923393
1313651063954780161
1313651074067320834
1313651299154493440
1313652213521108993
1313652441842364416
1313652539330564096
1313652850287837185
1313653103049297922
1313654029218705408
1313654154527678465
1313654318654918661
1313654334626856960
1313654384174206977
1313655172451753986
1313655641920221189
1313655731577520129
1313656239381979136
1313656586292912128
1313657587611574272
1313657783057821696
1314225152679346177
1313567210191892482
1313568004152713216
1313568175947218947
1313568608530894850
1313569100371644417
1313569644696031232
1313569998250610688
1313570495602679808
1313570652377448448
1313570714881064962
1313571355078479872
1313571746264612864
1313573774390890501
1313574567135207427
1313574602606620672
1313575376908476417
1313575475227303938
1313575614838902791
1313576549610745857
1313577280766046208
1313577965041651717
1313578343631974400
1313578848580182016
1313581266609090561
1313582018039558151
1313583195711922179
1313583841907441666
1313583938670010368
1313584096791076865
1313585444450230272
1313586031808204800
1313586578309120000
1313586724652474368
1313587818103357443
1313588652191014912
1313588901584404481
1313589545242329089
1313589997698572288
1313590362183798789
1313590564156305408
1313590639473295360
1313591132182450177
1313592288065449984
1313592374317191168
1313592877914583041
1313597391971348480
1313599360937218056
1313600103186268162
1313600230303035392
1313601849727938566
1313602272954212352
1313602306290585600
1313602578824024071
1313602823162982400
1313603283970260992
1313603455982825474
1313603765866438658
1313605433999921156
1313605859608592385
1313606334579793920
1313607087365251072
1313608371862269952
1313608893872910337
1313609255229042700
1313609475740196864
1313609606938066944
1313609818846920706
1313611429438787587
1313611531343613953
1313612075235766272
1313614329728700418
1313614502987010050
1313615311288053764
1313615900155625472
1313616296894963713
1313616893526278144
1313617254005829632
1313617615449845761
1313617854625984512
1313618020187529216
1313618248647077888
1313619156349091843
1313619377011462149
1313619715554791429
1313620014453334016
1313620106090512385
1313620623533334528
1313620655418482688
1313620974336499712
1313621038551437313
1313621749028851718
1313622147395272704
1313622770522218498
1313623117714006016
1313623376704024576
1313624500550823936
1313625038474694662
1313524123423797248
1313527071184912386
1313554443057590272
1313562938477817865
1313558612438990848
1313554991920152576
1313523986479960066
1313534529651437568
1313542828291575808
1313548416627113985
1313559913197641729
1313528148219367428
1313561050629824513
1313537233874493441
1313559193698222081
1313535096708911106
1313564268873355265
1313562752494034944
1313548017224560645
1313526679638364160
1313534638237810689
1313545674219233280
1313553562371264512
1313558143847133184
1313551204341833729
1313560568977125376
1313560757171179521
1313562476034879498
1313521757676957696
1313532264391860227
1313526914116726784
1313557488369905664
1313555986771214336
1313534288370044928
1313526881824636928
1313557632423092224
1313552244562944000
1313549958394441729
1313529142864830465
1313543663734071301
1313560299828641793
1313564650961657856
1313556380545167363
1313526770851876866
1313544764017565696
1313527015081902081
1313541370125012992
1313560243805323265
1313544966422093825
1313540368042950657
1313560132106637312
1311792262121164803
1313535119425245190
1313560254341287937
1313546682429308929
1313525615631368192
1313531735305531392
1313527457400659969
1313526210077618176
1313545289395912704
1313544063241474049
1313535378700201984
1313540521164333056
1313539495648583681
1313535995967467520
1313565785768558594
1313521766375989248
1313539847894818821
1313525796976295936
1313559069358137345
1313560074632278016
1313561708938498048
1313554309599166464
1313565275305005056
1313560964227305476
1313528741969174528
1313556609336070144
1313537292720574466
1313552958198554624
1313537044149276672
1313537744925319168
1313544042324525056
1313528398489116673
1313549753096065024
1313564599929585665
1313557303816314887
1313531561527181316
1313561725137018880
1313526404844326913
1313552409621336064
1313549410811420673
1313531927249539073
